RMS reprojection error = 0.19562680103777555
sharpness = 6.309033823013306

Camera Matrix:
fx = 2667.845891983697 +/- 0.8373833743361202
fy = 2667.1349764281 +/- 1.1097446589400364
cx = 1616.9193292505863 +/- 29.501335905289835
cy = 1266.1873076693278 +/- 34.49955787798701

Radial Distortion:
k1 = -0.0032154182819067547 +/- 0.0018780477672533118
k2 = 0.04358274008773047 +/- 0.01465137359754588
k3 = -0.0663169660502263 +/- 0.03525202374066737
k4 = 0.0 +/- 0.0
k5 = 0.0 +/- 0.0
k6 = 0.0 +/- 0.0

Tangential Distortion
p1 = 0.006657274208174966 /- 0.006524681528407233
p2 = -0.004369492667424257 /- 0.005517229650542036

Thin Prism Distortion:
s1 = 0.004638359461275858 +/- 0.0055205607280890846
s2 = -0.0005430635391594169 +/- 0.001179773491984083
s3 = -0.006451210241419819 +/- 0.006555486805814677
s4 = 6.141023177125319e-05 +/- 0.0010590166804271496

