RMS reprojection error = 0.11853198007838738
sharpness = 1.5832801103591918

Camera Matrix:
fx = 2668.4635383680557 +/- 0.679002499721408
fy = 2668.3007509961153 +/- 0.6623745061165318
cx = 1603.1061188762721 +/- 21.556160355316777
cy = 1242.5463775294884 +/- 15.210079666225441

Radial Distortion:
k1 = -0.002324889612834413 +/- 0.0011557499671469588
k2 = 0.03449979749037972 +/- 0.008964948612496063
k3 = -0.03519194236197798 +/- 0.021681183869256347
k4 = 0.0 +/- 0.0
k5 = 0.0 +/- 0.0
k6 = 0.0 +/- 0.0

Tangential Distortion
p1 = 0.00232766626414868 /- 0.0028780106982988466
p2 = -0.006696435659104067 /- 0.004031218330850172

Thin Prism Distortion:
s1 = 0.006729505403424074 +/- 0.004060231674906863
s2 = -0.00056174409210187 +/- 0.0009080953719160641
s3 = -0.0022016243064719733 +/- 0.002904485464301
s4 = -0.00035817710905918746 +/- 0.0006377794470761045

