RMS reprojection error = 0.223998974780738
sharpness = 9.26262321472168

Camera Matrix:
fx = 2668.299307482944 +/- 1.0353350831335808
fy = 2668.6825432153923 +/- 1.2409197330899462
cx = 1667.7689499303447 +/- 37.10351009648727
cy = 1205.6165226520716 +/- 41.33349634764894

Radial Distortion:
k1 = -0.0018992500633668056 +/- 0.0018981061858202306
k2 = 0.03519858924491668 +/- 0.013115620831536218
k3 = -0.044864571772021286 +/- 0.02885827777115617
k4 = 0.0 +/- 0.0
k5 = 0.0 +/- 0.0
k6 = 0.0 +/- 0.0

Tangential Distortion
p1 = -0.004609314105208139 /- 0.0077713906608652935
p2 = 0.005695795542905981 /- 0.00692889528535856

Thin Prism Distortion:
s1 = -0.006244003067280958 +/- 0.0069941173223043536
s2 = 0.0013450310617349258 +/- 0.001485328064251557
s3 = 0.0044974392161682 +/- 0.00780360715229848
s4 = 0.0003867321194316594 +/- 0.001086793135204033

