RMS reprojection error = 0.18751724808620215
sharpness = 6.091457319259644

Camera Matrix:
fx = 2669.5013302384264 +/- 1.509050927596472
fy = 2669.1169674913704 +/- 1.2685237959409492
cx = 1575.249565925139 +/- 29.428165496713497
cy = 1247.2419208567424 +/- 16.525128014595243

Radial Distortion:
k1 = -0.00039607573411366967 +/- 0.001908117010149035
k2 = 0.02811202901667755 +/- 0.014922093381215586
k3 = -0.026240743105737874 +/- 0.03638402115011189
k4 = 0.0 +/- 0.0
k5 = 0.0 +/- 0.0
k6 = 0.0 +/- 0.0

Tangential Distortion
p1 = 0.002924973698120596 /- 0.003136822429898613
p2 = -0.012013887003406162 /- 0.005520921087696441

Thin Prism Distortion:
s1 = 0.012043965914828885 +/- 0.005538458539712309
s2 = -0.0015138384944362105 +/- 0.0012149816741147635
s3 = -0.002624008398526872 +/- 0.003163364949569861
s4 = -0.00044243360208604297 +/- 0.0009235471140053585

