RMS reprojection error = 0.8408773379339585
sharpness = 15.801890754699707

Camera Matrix:
fx = 2671.9454701950926 +/- 4.293158875336389
fy = 2671.529753718802 +/- 4.61580933951233
cx = 1565.200422555255 +/- 61.38768496263908
cy = 1245.989604059316 +/- 58.24074639587486

Radial Distortion:
k1 = -0.015166217095725 +/- 0.008458853919807701
k2 = 0.1347138665806232 +/- 0.06632203432697868
k3 = -0.25130319750500063 +/- 0.16134322192205525
k4 = 0.0 +/- 0.0
k5 = 0.0 +/- 0.0
k6 = 0.0 +/- 0.0

Tangential Distortion
p1 = 0.002803279355263795 /- 0.011044845874398041
p2 = -0.014268023408613254 /- 0.011414872384501893

Thin Prism Distortion:
s1 = 0.015447105703831255 +/- 0.011568010938533714
s2 = -0.0004594984531136009 +/- 0.004271068870916803
s3 = -0.003128518829717505 +/- 0.011306328356248634
s4 = 0.0008182652660547023 +/- 0.004134285287439053

