RMS reprojection error = 0.2910280428421975
sharpness = 13.76332883834839

Camera Matrix:
fx = 2667.5456492904555 +/- 1.2091694049045554
fy = 2669.4704880912277 +/- 1.5278609305391142
cx = 1665.0503752282273 +/- 38.761979476635645
cy = 1207.0323286517537 +/- 43.97188875403589

Radial Distortion:
k1 = -0.0028826933245957678 +/- 0.0024556766894648853
k2 = 0.036279266087648705 +/- 0.0171116032582702
k3 = -0.03347333061817623 +/- 0.03770964278060109
k4 = 0.0 +/- 0.0
k5 = 0.0 +/- 0.0
k6 = 0.0 +/- 0.0

Tangential Distortion
p1 = -0.004735631683370282 /- 0.008254875833867628
p2 = 0.004781139994810175 /- 0.007214925051098378

Thin Prism Distortion:
s1 = -0.0044270017741480285 +/- 0.007325424474517336
s2 = 0.00252349513206776 +/- 0.001973038943021223
s3 = 0.0050121843861176485 +/- 0.008328701961518869
s4 = -0.001517061350105384 +/- 0.001484641907991855

