RMS reprojection error = 0.36314256560539593
sharpness = 16.20899029781944

Camera Matrix:
fx = 2668.376967074648 +/- 1.4908084876782932
fy = 2668.191161695911 +/- 1.9197702752753665
cx = 1654.2309538837314 +/- 64.9547428687207
cy = 1214.3121982201988 +/- 77.45239995976628

Radial Distortion:
k1 = -0.0026178117723043865 +/- 0.0032868171945789324
k2 = 0.04280455116693668 +/- 0.023310474124094385
k3 = -0.06165275913297284 +/- 0.052856824414454044
k4 = 0.0 +/- 0.0
k5 = 0.0 +/- 0.0
k6 = 0.0 +/- 0.0

Tangential Distortion
p1 = -0.003679408621381937 /- 0.014618126092203658
p2 = 0.003114294840564263 /- 0.012159169786058929

Thin Prism Distortion:
s1 = -0.002970177146744589 +/- 0.012286204676791073
s2 = 0.0010494928142212722 +/- 0.002556102852159851
s3 = 0.004162873710125871 +/- 0.01469098080574716
s4 = 0.00045127734163088025 +/- 0.0019307583697108638

