RMS reprojection error = 0.1631112218932811
sharpness = 4.246205580234528

Camera Matrix:
fx = 2667.56009440321 +/- 0.9612932643545682
fy = 2667.5520759413157 +/- 0.9225088546322475
cx = 1602.7225564371126 +/- 31.527196459218207
cy = 1247.097924055165 +/- 22.386157409842284

Radial Distortion:
k1 = -0.001071814429646462 +/- 0.0016002519617593343
k2 = 0.026323161435026967 +/- 0.012385740981198974
k3 = -0.021598598977593222 +/- 0.029973593572203767
k4 = 0.0 +/- 0.0
k5 = 0.0 +/- 0.0
k6 = 0.0 +/- 0.0

Tangential Distortion
p1 = 0.003113703028900794 /- 0.0042377368010815064
p2 = -0.006707255680970044 /- 0.005904271350644558

Thin Prism Distortion:
s1 = 0.0067591201104797195 +/- 0.005931921793784537
s2 = -0.0003422050755312803 +/- 0.0012205471854053185
s3 = -0.002957321800092536 +/- 0.004267051878134732
s4 = -0.000431360328032809 +/- 0.0008705577080678639

