RMS reprojection error = 0.3092881825404046
sharpness = 14.808376836776734

Camera Matrix:
fx = 2668.933855380736 +/- 2.2644159378648534
fy = 2670.419244018169 +/- 1.99150262792147
cx = 1580.5517850731044 +/- 48.554409519692385
cy = 1209.4033299731843 +/- 30.680253870874296

Radial Distortion:
k1 = -0.0009666611782826045 +/- 0.003002915204483986
k2 = 0.03533676063325624 +/- 0.02313774902909452
k3 = -0.050145742217178754 +/- 0.055323547022325344
k4 = 0.0 +/- 0.0
k5 = 0.0 +/- 0.0
k6 = 0.0 +/- 0.0

Tangential Distortion
p1 = -0.004410813858838931 /- 0.005783507685509143
p2 = -0.01084009972295273 /- 0.009141927841367942

Thin Prism Distortion:
s1 = 0.01071198389930559 +/- 0.00916693111521139
s2 = -0.0022048528042092385 +/- 0.0017638822369464913
s3 = 0.004706146183541742 +/- 0.005819961843852228
s4 = 0.0004202060913837998 +/- 0.00149847382751524

