RMS reprojection error = 0.25803667418808124
sharpness = 12.73453631401062

Camera Matrix:
fx = 2667.297048206251 +/- 0.9444242449441081
fy = 2666.8690837386193 +/- 1.477677911335461
cx = 1641.466176074806 +/- 38.5568693558146
cy = 1205.5941401651062 +/- 54.969653258381015

Radial Distortion:
k1 = -0.0027306591922538603 +/- 0.002258522209980508
k2 = 0.03565782759507577 +/- 0.016327268524357196
k3 = -0.0403126601867852 +/- 0.037173221670444734
k4 = 0.0 +/- 0.0
k5 = 0.0 +/- 0.0
k6 = 0.0 +/- 0.0

Tangential Distortion
p1 = -0.004949434487517072 /- 0.010347493683065624
p2 = 0.0007753888096649825 /- 0.007211560445949367

Thin Prism Distortion:
s1 = -0.0011124354402539882 +/- 0.007319983427328791
s2 = 0.001068546674191227 +/- 0.0017025504610720026
s3 = 0.005058235224580113 +/- 0.010419022294412562
s4 = -0.0008731280031853428 +/- 0.00145224217199966

