RMS reprojection error = 0.20493243111414142
sharpness = 7.543956518173218

Camera Matrix:
fx = 2668.17548834007 +/- 1.6197234433280574
fy = 2668.138027865777 +/- 1.3870029152906656
cx = 1583.2560320325615 +/- 35.82391140841935
cy = 1227.9262090709633 +/- 20.05608815073557

Radial Distortion:
k1 = -0.0010216102552537566 +/- 0.0020395451332711144
k2 = 0.02840004469177097 +/- 0.015747045831594465
k3 = -0.02650977406140209 +/- 0.03810974927344828
k4 = 0.0 +/- 0.0
k5 = 0.0 +/- 0.0
k6 = 0.0 +/- 0.0

Tangential Distortion
p1 = -0.0004638722677859739 /- 0.0037931300063704584
p2 = -0.010438884242810403 /- 0.0067199614474390615

Thin Prism Distortion:
s1 = 0.010518783567204398 +/- 0.006756957232998874
s2 = -0.0009756651751289754 +/- 0.0014115540332521987
s3 = 0.0007905503901688157 +/- 0.00382720025049197
s4 = -0.0008031083871209581 +/- 0.0010187466750810462

