RMS reprojection error = 0.12139297901446047
sharpness = 1.6522348880767823

Camera Matrix:
fx = 2668.158839216379 +/- 0.7206904096042271
fy = 2668.1184786902845 +/- 0.6918985417392707
cx = 1603.2533453921444 +/- 23.429774068235204
cy = 1236.707397121579 +/- 15.880941472468423

Radial Distortion:
k1 = -0.0020902525754982536 +/- 0.0011773708459367205
k2 = 0.0332768343591663 +/- 0.009104373670132157
k3 = -0.034697513658398196 +/- 0.021967539515417685
k4 = 0.0 +/- 0.0
k5 = 0.0 +/- 0.0
k6 = 0.0 +/- 0.0

Tangential Distortion
p1 = 0.001188308048684037 /- 0.003004311816089326
p2 = -0.006549633501363316 /- 0.004385771050253006

Thin Prism Distortion:
s1 = 0.006556522726668658 +/- 0.00441632856393806
s2 = -0.0006383634983952903 +/- 0.0009336937588893873
s3 = -0.0010196213069771545 +/- 0.003030053364246373
s4 = -0.00032234275240476787 +/- 0.0006477748666772211

