RMS reprojection error = 0.3847120039852395
sharpness = 16.31388063430786

Camera Matrix:
fx = 2667.8031708288563 +/- 1.7706953884346532
fy = 2667.2997287083417 +/- 2.1825939593973676
cx = 1677.1489291014398 +/- 52.16169766423091
cy = 1189.9475333399853 +/- 59.84853339141598

Radial Distortion:
k1 = -0.001102498897264596 +/- 0.0031392574243956223
k2 = 0.03253851887227824 +/- 0.021206416465985704
k3 = -0.041714821628393836 +/- 0.04520031973886042
k4 = 0.0 +/- 0.0
k5 = 0.0 +/- 0.0
k6 = 0.0 +/- 0.0

Tangential Distortion
p1 = -0.007700855523065427 /- 0.011223777023869425
p2 = 0.007158473334552137 /- 0.00973412786480653

Thin Prism Distortion:
s1 = -0.006966467389565981 +/- 0.009821375200151954
s2 = 0.0026475279141363432 +/- 0.0022898404355295517
s3 = 0.007154790723864941 +/- 0.011258036385047862
s4 = 0.00034609086717801686 +/- 0.0017529630280484212

