RMS reprojection error = 0.13824099030743925
sharpness = 2.1310992181301116

Camera Matrix:
fx = 2667.976694009582 +/- 0.8901265803790874
fy = 2667.8916280355274 +/- 0.8218510289300919
cx = 1599.4286786907655 +/- 26.872310694356678
cy = 1240.1554731358542 +/- 17.54279369038203

Radial Distortion:
k1 = -0.0016466843866045783 +/- 0.0013560180431909112
k2 = 0.030170016446026023 +/- 0.010508847843820831
k3 = -0.0300035852537833 +/- 0.02543352055158379
k4 = 0.0 +/- 0.0
k5 = 0.0 +/- 0.0
k6 = 0.0 +/- 0.0

Tangential Distortion
p1 = 0.0018337069234179522 /- 0.0033199267310284894
p2 = -0.007343120186799814 /- 0.005032153197219298

Thin Prism Distortion:
s1 = 0.007395641692641949 +/- 0.005060227276070483
s2 = -0.000526070000757449 +/- 0.001031461147434353
s3 = -0.0016026840975126569 +/- 0.0033464689046253373
s4 = -0.00040488505579288004 +/- 0.000726117040029756

