RMS reprojection error = 0.3472051306856691
sharpness = 15.679991621720163

Camera Matrix:
fx = 2669.217957621193 +/- 1.9162913542541335
fy = 2668.8682947280076 +/- 1.9118508656805422
cx = 1596.7784945219908 +/- 50.39401826015652
cy = 1259.9879547168284 +/- 38.7682958610083

Radial Distortion:
k1 = -0.00048294899821644567 +/- 0.003566063984701941
k2 = 0.018014832621969463 +/- 0.027863840757694824
k3 = 0.008562836557152792 +/- 0.06811908898301999
k4 = 0.0 +/- 0.0
k5 = 0.0 +/- 0.0
k6 = 0.0 +/- 0.0

Tangential Distortion
p1 = 0.00543410488025203 /- 0.007347460896860385
p2 = -0.008107243658431235 /- 0.009442433750943037

Thin Prism Distortion:
s1 = 0.008635088494876295 +/- 0.009572863209328151
s2 = -0.0030476463563762104 +/- 0.002665251892507187
s3 = -0.004333016520060779 +/- 0.007428413557454217
s4 = -0.0023262819319009804 +/- 0.0019576185493297774

