RMS reprojection error = 0.3278199798907682
sharpness = 15.22745976448059

Camera Matrix:
fx = 2668.9992529153483 +/- 1.3817983028598937
fy = 2668.516609543713 +/- 1.7971565629229656
cx = 1669.219127816459 +/- 38.24524476263019
cy = 1196.8124937858433 +/- 46.11904865446337

Radial Distortion:
k1 = -0.00488512376332952 +/- 0.0027161179498112627
k2 = 0.04233891493956914 +/- 0.018621449956578856
k3 = -0.04090747066791865 +/- 0.04038745640526029
k4 = 0.0 +/- 0.0
k5 = 0.0 +/- 0.0
k6 = 0.0 +/- 0.0

Tangential Distortion
p1 = -0.006588097275031508 /- 0.008629387672352735
p2 = 0.0060559663778105574 /- 0.007086274681946796

Thin Prism Distortion:
s1 = -0.0063258008903989945 +/- 0.00723942996833556
s2 = 0.0024650288033116795 +/- 0.0021708220082307713
s3 = 0.0068825639848654 +/- 0.008740340405930733
s4 = -0.000672394709900983 +/- 0.0016611101854275465

