RMS reprojection error = 0.21102465471173837
sharpness = 8.102855110168457

Camera Matrix:
fx = 2667.6431641876943 +/- 1.0886423264097445
fy = 2668.396916237418 +/- 1.1355015546890077
cx = 1608.058008104181 +/- 39.347789981874335
cy = 1221.1138055938793 +/- 30.0110591120101

Radial Distortion:
k1 = -0.002461463247878704 +/- 0.0019883812517776686
k2 = 0.03528855747683696 +/- 0.015219798711301089
k3 = -0.037538483724265735 +/- 0.036318931103264396
k4 = 0.0 +/- 0.0
k5 = 0.0 +/- 0.0
k6 = 0.0 +/- 0.0

Tangential Distortion
p1 = -0.0017179743008636512 /- 0.0056653390371131165
p2 = -0.005610573040275832 /- 0.007370963291190651

Thin Prism Distortion:
s1 = 0.005679139010444738 +/- 0.007444131368267262
s2 = -0.0007904753986158845 +/- 0.0016213306427677048
s3 = 0.0018211484896112895 +/- 0.005713825729702231
s4 = -0.0007150713209492941 +/- 0.001139841217818764

