RMS reprojection error = 0.3717467052586706
sharpness = 15.806826162338258

Camera Matrix:
fx = 2668.473409806772 +/- 1.4352917407371788
fy = 2669.508457593931 +/- 2.008511778755958
cx = 1653.831673254159 +/- 54.24619267644386
cy = 1261.5772507757183 +/- 61.5823215211135

Radial Distortion:
k1 = -0.0045245378426402244 +/- 0.0033531471654053317
k2 = 0.05129019941404035 +/- 0.024358526110516886
k3 = -0.07146882186768666 +/- 0.05620021109575431
k4 = 0.0 +/- 0.0
k5 = 0.0 +/- 0.0
k6 = 0.0 +/- 0.0

Tangential Distortion
p1 = 0.005035811371431926 /- 0.011624696532327979
p2 = 0.002659338416118376 /- 0.01009635674010421

Thin Prism Distortion:
s1 = -0.002674613577194491 +/- 0.010171895835034942
s2 = 0.001945233771184209 +/- 0.0025913328963959987
s3 = -0.004662633831217057 +/- 0.011706868622983934
s4 = -0.0010140080302202062 +/- 0.001973429413865976

