RMS reprojection error = 0.11740768524489947
sharpness = 1.545178520679474

Camera Matrix:
fx = 2667.9873192321406 +/- 0.6249810951588514
fy = 2668.081738377638 +/- 0.6344399371562646
cx = 1610.0911320694865 +/- 23.52810027298461
cy = 1236.1305863443936 +/- 17.044709746612398

Radial Distortion:
k1 = -0.0020523286695782626 +/- 0.0011233622580485592
k2 = 0.032540057135452015 +/- 0.008634619470560148
k3 = -0.03263758796927229 +/- 0.020739960666731495
k4 = 0.0 +/- 0.0
k5 = 0.0 +/- 0.0
k6 = 0.0 +/- 0.0

Tangential Distortion
p1 = 0.0011032876908121918 /- 0.0032231785157119494
p2 = -0.005331760432911419 /- 0.004403055224087882

Thin Prism Distortion:
s1 = 0.0052794377898792025 +/- 0.004435249366358928
s2 = -0.00039338105664300706 +/- 0.0009362881485040037
s3 = -0.0009631533298672695 +/- 0.0032493445151097517
s4 = -0.0004874977515756035 +/- 0.0006416035669895612

