RMS reprojection error = 0.28016898964647846
sharpness = 13.04659628868103

Camera Matrix:
fx = 2667.9448667817633 +/- 1.085470042684901
fy = 2667.5841690311186 +/- 1.490144183304876
cx = 1627.042123568165 +/- 45.3889686342294
cy = 1257.181901038859 +/- 47.33690637645664

Radial Distortion:
k1 = -0.001782114603764694 +/- 0.002638344057479614
k2 = 0.026691933458070274 +/- 0.020060905834173855
k3 = -0.017746769025702425 +/- 0.04771571527136622
k4 = 0.0 +/- 0.0
k5 = 0.0 +/- 0.0
k6 = 0.0 +/- 0.0

Tangential Distortion
p1 = 0.005624605298704813 /- 0.008940420980400744
p2 = -0.0024229746899991967 /- 0.008472278252920554

Thin Prism Distortion:
s1 = 0.002417748053966184 +/- 0.008521375896532192
s2 = -0.0010316590328601554 +/- 0.002011487193773927
s3 = -0.005630470729451904 +/- 0.009004326165813396
s4 = 0.0004636794171811716 +/- 0.0016032643581173772

