RMS reprojection error = 0.162597706332661
sharpness = 3.747531700134277

Camera Matrix:
fx = 2668.3184969372587 +/- 0.8947977524181477
fy = 2668.249942000841 +/- 0.9012585359738898
cx = 1604.935292240583 +/- 29.337109374540155
cy = 1241.1388772920275 +/- 21.45346592516618

Radial Distortion:
k1 = -0.0031420812676468584 +/- 0.0015729506431596653
k2 = 0.0407337485864958 +/- 0.012243917141126694
k3 = -0.049719705884894376 +/- 0.029566505318692038
k4 = 0.0 +/- 0.0
k5 = 0.0 +/- 0.0
k6 = 0.0 +/- 0.0

Tangential Distortion
p1 = 0.0018922306722726214 /- 0.004058724318971068
p2 = -0.006429369972248243 /- 0.00548542982442531

Thin Prism Distortion:
s1 = 0.006746569650047078 +/- 0.005525572817932071
s2 = -0.0007790329479184029 +/- 0.0012205565458726889
s3 = -0.0016549852900705681 +/- 0.004096930224402222
s4 = -0.0004404335563543027 +/- 0.0008783062224556007

