RMS reprojection error = 0.20397895910121835
sharpness = 7.979154253005982

Camera Matrix:
fx = 2667.8682517341877 +/- 1.0089062529314863
fy = 2667.7265025851943 +/- 1.0699963408901791
cx = 1614.665263987874 +/- 42.81726918336281
cy = 1235.4318976101285 +/- 34.44253004266291

Radial Distortion:
k1 = -0.0025808663199431694 +/- 0.0019251787395017637
k2 = 0.03753500765089915 +/- 0.014853696511244718
k3 = -0.048888846882083004 +/- 0.03557608487094224
k4 = 0.0 +/- 0.0
k5 = 0.0 +/- 0.0
k6 = 0.0 +/- 0.0

Tangential Distortion
p1 = 0.0009684114941602272 /- 0.00651345088251986
p2 = -0.0044526005244351205 /- 0.008016821723742578

Thin Prism Distortion:
s1 = 0.004343756260327935 +/- 0.008061761155248683
s2 = -0.0001621735957835047 +/- 0.0015372948499031301
s3 = -0.0008494048658270977 +/- 0.006557678490176914
s4 = 0.0003385395674381837 +/- 0.0011233698093318872

