RMS reprojection error = 0.1901349143837559
sharpness = 6.425460267066955

Camera Matrix:
fx = 2667.7636955406933 +/- 0.7721782217761387
fy = 2667.8620482424867 +/- 1.0213922257445498
cx = 1620.7535273672254 +/- 33.02513676022966
cy = 1261.5272610011616 +/- 33.13155113190072

Radial Distortion:
k1 = -0.0005068786424770515 +/- 0.0018169235783180777
k2 = 0.019305213018431903 +/- 0.013892380545278407
k3 = -0.004636260762775683 +/- 0.03327413638137598
k4 = 0.0 +/- 0.0
k5 = 0.0 +/- 0.0
k6 = 0.0 +/- 0.0

Tangential Distortion
p1 = 0.005470045868944537 /- 0.006259128679376409
p2 = -0.0032217204100275514 /- 0.006172571652340349

Thin Prism Distortion:
s1 = 0.003005746643663271 +/- 0.006195606373467058
s2 = -0.0003144996633513974 +/- 0.0013591719737275517
s3 = -0.005183596746577669 +/- 0.006294427045581529
s4 = -0.00033249814233703953 +/- 0.0010790259511625241

