RMS reprojection error = 0.43479859469663407
sharpness = 15.429967164993286

Camera Matrix:
fx = 2667.8295488119047 +/- 1.751719692633981
fy = 2667.540950937785 +/- 2.380284693874704
cx = 1621.1867760469138 +/- 64.48719794849724
cy = 1260.4700932322698 +/- 76.77891369598144

Radial Distortion:
k1 = 0.0008521207753445276 +/- 0.004185638109769469
k2 = 0.0024633919863935945 +/- 0.03216208267941439
k3 = 0.032295930680144955 +/- 0.07740206957545827
k4 = 0.0 +/- 0.0
k5 = 0.0 +/- 0.0
k6 = 0.0 +/- 0.0

Tangential Distortion
p1 = 0.005751285464883739 /- 0.014477479847912625
p2 = -0.0035378708198726978 /- 0.012039907384927287

Thin Prism Distortion:
s1 = 0.0031677797994771237 +/- 0.012086247701568728
s2 = 0.002426877578646307 +/- 0.0028291754584025405
s3 = -0.005470532738275848 +/- 0.014562474611040327
s4 = 0.0012541476730162026 +/- 0.0024370094282000735

