RMS reprojection error = 0.12047723589391374
sharpness = 1.6038630425930023

Camera Matrix:
fx = 2668.0487696912724 +/- 0.6543369727203208
fy = 2668.134115128067 +/- 0.6568202354159092
cx = 1607.8202607562546 +/- 23.548883673053243
cy = 1241.7571711060837 +/- 17.025320778244687

Radial Distortion:
k1 = -0.0018351491501223801 +/- 0.0011644426350115244
k2 = 0.03133723863435703 +/- 0.008986254812800782
k3 = -0.030373877444040128 +/- 0.02165874225345066
k4 = 0.0 +/- 0.0
k5 = 0.0 +/- 0.0
k6 = 0.0 +/- 0.0

Tangential Distortion
p1 = 0.0020807915820011064 /- 0.0032210295258854357
p2 = -0.005735078355901825 /- 0.00440712284926117

Thin Prism Distortion:
s1 = 0.005733559759853131 +/- 0.004435697257479138
s2 = -0.0005460104842533767 +/- 0.0009400000291166422
s3 = -0.0019816340565456552 +/- 0.003246496918603087
s4 = -0.0001720075871365603 +/- 0.0006551331120867806

