RMS reprojection error = 0.33674640072412365
sharpness = 15.010944366455078

Camera Matrix:
fx = 2669.410999828453 +/- 1.5279971627070934
fy = 2670.2372723334897 +/- 1.9129393134367874
cx = 1668.7598060796163 +/- 50.76523627053573
cy = 1260.9287655075661 +/- 53.34810984532249

Radial Distortion:
k1 = -0.0024628247118123514 +/- 0.0029464982218992586
k2 = 0.031058695767146906 +/- 0.021041344164476648
k3 = -0.026798043089112093 +/- 0.04736870524118787
k4 = 0.0 +/- 0.0
k5 = 0.0 +/- 0.0
k6 = 0.0 +/- 0.0

Tangential Distortion
p1 = 0.006170554458957182 /- 0.010053682694145227
p2 = 0.005242042535840937 /- 0.00944127427715815

Thin Prism Distortion:
s1 = -0.005239499799226329 +/- 0.009508690854681446
s2 = 0.0013644420659372823 +/- 0.002311553622765207
s3 = -0.006081514722544052 +/- 0.010118310970487338
s4 = -0.00010288289423286736 +/- 0.0017393772106065407

