RMS reprojection error = 0.2506461884089919
sharpness = 11.478997135162354

Camera Matrix:
fx = 2668.215033744809 +/- 1.1698495894911247
fy = 2667.6905261806937 +/- 1.3012240155341421
cx = 1610.0262503682527 +/- 40.72291776105318
cy = 1223.249843128484 +/- 35.70365818988711

Radial Distortion:
k1 = -0.0055887943762498865 +/- 0.0023589795546633987
k2 = 0.059391717036410066 +/- 0.018567356678485147
k3 = -0.09580394339445886 +/- 0.04462484126421401
k4 = 0.0 +/- 0.0
k5 = 0.0 +/- 0.0
k6 = 0.0 +/- 0.0

Tangential Distortion
p1 = -0.0014009200552931892 /- 0.006745454733654096
p2 = -0.005063220473502907 /- 0.007618589778998129

Thin Prism Distortion:
s1 = 0.004857824079124278 +/- 0.00768996458076222
s2 = -0.0009566060584509322 +/- 0.0016383297480700575
s3 = 0.001682787798142735 +/- 0.006810320346321826
s4 = -0.0004731537027508745 +/- 0.0013338060411735883

