RMS reprojection error = 0.3037456628527708
sharpness = 14.394820356369019

Camera Matrix:
fx = 2667.4010138908757 +/- 1.438307170371747
fy = 2667.349988368516 +/- 1.58658121508818
cx = 1616.6366770601182 +/- 63.36571257617961
cy = 1225.39217385995 +/- 49.80028851514132

Radial Distortion:
k1 = -0.0031008564655737383 +/- 0.002826157527748179
k2 = 0.036857583146576334 +/- 0.021670081706333725
k3 = -0.04519796246064044 +/- 0.05151328755585769
k4 = 0.0 +/- 0.0
k5 = 0.0 +/- 0.0
k6 = 0.0 +/- 0.0

Tangential Distortion
p1 = -0.0009985465570430331 /- 0.009399197651765575
p2 = -0.004285711328869823 /- 0.011859568831218527

Thin Prism Distortion:
s1 = 0.004436909729039064 +/- 0.011966908434932854
s2 = -0.0010161130229212854 +/- 0.002338925002509592
s3 = 0.0012852745661286191 +/- 0.009477498878928773
s4 = -0.00020330819217280797 +/- 0.0016664583449056984

