RMS reprojection error = 0.7933117041898833
sharpness = 13.983210706710816

Camera Matrix:
fx = 2668.9873971110424 +/- 5.692160349039758
fy = 2667.7221542419456 +/- 5.137930011270346
cx = 1698.7463079200588 +/- 120.6118872945624
cy = 1209.3833025117503 +/- 86.14842635296895

Radial Distortion:
k1 = -0.0039631889201588374 +/- 0.006799936375806074
k2 = 0.051300269012642716 +/- 0.04372748569651052
k3 = -0.08962637656807647 +/- 0.0947045084375426
k4 = 0.0 +/- 0.0
k5 = 0.0 +/- 0.0
k6 = 0.0 +/- 0.0

Tangential Distortion
p1 = -0.003865959234863977 /- 0.016146617340776395
p2 = 0.011236034440952449 /- 0.022475438432284715

Thin Prism Distortion:
s1 = -0.011482287229086894 +/- 0.022667854328314953
s2 = 1.283610332495394e-05 +/- 0.004847680641513169
s3 = 0.003794242062197805 +/- 0.01620608046533552
s4 = 0.0009699047281177417 +/- 0.0033370950568490858

