RMS reprojection error = 0.37378330317135955
sharpness = 16.289555644989015

Camera Matrix:
fx = 2669.0216673614345 +/- 2.357425222209881
fy = 2669.092414488594 +/- 2.180319237589556
cx = 1581.2709128630167 +/- 49.03853014255206
cy = 1197.4674246916925 +/- 36.51845571708711

Radial Distortion:
k1 = 0.002059693616846141 +/- 0.003635965575932698
k2 = 0.002224778114841004 +/- 0.027165161529743555
k3 = 0.03556536834368713 +/- 0.0649552872028116
k4 = 0.0 +/- 0.0
k5 = 0.0 +/- 0.0
k6 = 0.0 +/- 0.0

Tangential Distortion
p1 = -0.0060714211984968375 /- 0.006865836893734788
p2 = -0.011052304578524127 /- 0.009225670514377289

Thin Prism Distortion:
s1 = 0.010470463934429932 +/- 0.009341382301849142
s2 = -0.0005664953709598208 +/- 0.0024006877999748276
s3 = 0.006083662846418314 +/- 0.006925445202230006
s4 = 0.0009434202801893523 +/- 0.0018320159111300557

