RMS reprojection error = 0.21212257832693207
sharpness = 8.47897012233734

Camera Matrix:
fx = 2668.274466352569 +/- 0.8466742300322629
fy = 2668.963836632086 +/- 1.3441194910937722
cx = 1648.3471804853739 +/- 24.47718872969561
cy = 1190.7573245981089 +/- 39.32868622231376

Radial Distortion:
k1 = -0.004055588753671315 +/- 0.0018339741545884563
k2 = 0.04722248282912317 +/- 0.013112661651970683
k3 = -0.06514779020280588 +/- 0.029507523834235057
k4 = 0.0 +/- 0.0
k5 = 0.0 +/- 0.0
k6 = 0.0 +/- 0.0

Tangential Distortion
p1 = -0.0074976761429734464 /- 0.007384682737156744
p2 = 0.0013983914028484873 /- 0.004572410736344686

Thin Prism Distortion:
s1 = -0.001190685974987474 +/- 0.004661104177073198
s2 = 0.00037117118372716575 +/- 0.0012606306826931878
s3 = 0.007722555987126878 +/- 0.007438998778651986
s4 = -0.0014207017536221707 +/- 0.0011303962609755228

