RMS reprojection error = 0.1998702639030188
sharpness = 6.90810194015503

Camera Matrix:
fx = 2668.5004972661154 +/- 0.963777570577083
fy = 2668.177681264391 +/- 1.0655764348911274
cx = 1606.035659439262 +/- 31.844182454782743
cy = 1255.7745807699227 +/- 29.239365964848506

Radial Distortion:
k1 = -0.0036298264890110184 +/- 0.001943367990770798
k2 = 0.049434321240942956 +/- 0.015366899394550326
k3 = -0.0776450770799529 +/- 0.03726760180504833
k4 = 0.0 +/- 0.0
k5 = 0.0 +/- 0.0
k6 = 0.0 +/- 0.0

Tangential Distortion
p1 = 0.005118225448388701 /- 0.0055380306345546694
p2 = -0.005884323192425193 /- 0.005961178999348815

Thin Prism Distortion:
s1 = 0.005831936882678684 +/- 0.005973803662584782
s2 = -0.0009668378652661899 +/- 0.0012475306568435513
s3 = -0.005129070635795263 +/- 0.005571835898545226
s4 = 2.6117761595918137e-05 +/- 0.0010595617178148827

