RMS reprojection error = 0.12539039750091152
sharpness = 1.755698597431183

Camera Matrix:
fx = 2667.7729238176757 +/- 0.7868046282553373
fy = 2668.12247461111 +/- 0.7384379899718649
cx = 1601.1772431266409 +/- 24.485798768142494
cy = 1232.860276916154 +/- 15.849256646954323

Radial Distortion:
k1 = -0.0016764862323373707 +/- 0.0012173405592732238
k2 = 0.031617589502143335 +/- 0.009395918272054323
k3 = -0.032302651975259 +/- 0.022654440103311392
k4 = 0.0 +/- 0.0
k5 = 0.0 +/- 0.0
k6 = 0.0 +/- 0.0

Tangential Distortion
p1 = 0.00031924201822492734 /- 0.002998248963977027
p2 = -0.006980990356786372 /- 0.004588734377867723

Thin Prism Distortion:
s1 = 0.007036931362269451 +/- 0.004619295837543936
s2 = -0.0008400595443862831 +/- 0.0009531465958541635
s3 = -0.00013671047278766593 +/- 0.0030224983891008078
s4 = -0.00039437051197042337 +/- 0.0006591509060878599

