RMS reprojection error = 0.21489775805525843
sharpness = 8.64277663230896

Camera Matrix:
fx = 2668.6519820788194 +/- 0.820162987035459
fy = 2668.9317340854323 +/- 1.1392986094809545
cx = 1647.8043766940752 +/- 36.24673719088278
cy = 1251.3801167333659 +/- 41.993972794941726

Radial Distortion:
k1 = -0.0034491297971560764 +/- 0.0019472229780071735
k2 = 0.04554779373964461 +/- 0.014409775665897606
k3 = -0.06430325574745081 +/- 0.03353254705008602
k4 = 0.0 +/- 0.0
k5 = 0.0 +/- 0.0
k6 = 0.0 +/- 0.0

Tangential Distortion
p1 = 0.004284041104816192 /- 0.007936017062615512
p2 = 0.0014034597197285046 /- 0.006766494522517591

Thin Prism Distortion:
s1 = -0.0009499448473622876 +/- 0.006802017000092928
s2 = -0.0012147047706273738 +/- 0.0015380426545614089
s3 = -0.00424697913972693 +/- 0.007976619697621281
s4 = 0.0004996314185443454 +/- 0.0011953536111772853

