RMS reprojection error = 0.20646979311615898
sharpness = 8.388312911987304

Camera Matrix:
fx = 2668.2310672626927 +/- 0.7901166467959057
fy = 2668.31196790023 +/- 1.2649896659150806
cx = 1641.740574095538 +/- 25.842727880464718
cy = 1194.4779713690386 +/- 39.97909311034944

Radial Distortion:
k1 = -0.0036398145156469317 +/- 0.0017988803710565868
k2 = 0.04400280345438405 +/- 0.012963634305966552
k3 = -0.057046593877055164 +/- 0.02938237605049353
k4 = 0.0 +/- 0.0
k5 = 0.0 +/- 0.0
k6 = 0.0 +/- 0.0

Tangential Distortion
p1 = -0.006454654823762806 /- 0.007517417131317444
p2 = 0.0007268224828702861 /- 0.004830932366788103

Thin Prism Distortion:
s1 = -0.0007501931612437622 +/- 0.004918084072133719
s2 = 0.0007508067445049432 +/- 0.0012752534867422013
s3 = 0.006469923603814862 +/- 0.0075737057535308185
s4 = -0.0009921456449862812 +/- 0.0011379203008865459

