RMS reprojection error = 0.2927254385873019
sharpness = 13.93599534034729

Camera Matrix:
fx = 2666.702021706797 +/- 1.421993936091572
fy = 2668.2660469955663 +/- 1.5613109446992317
cx = 1669.6156552566079 +/- 49.0648416362549
cy = 1221.797971184701 +/- 44.60292745289419

Radial Distortion:
k1 = -0.004744616604199375 +/- 0.0025855958385361737
k2 = 0.05317053270713693 +/- 0.017960017335309972
k3 = -0.08536706440414375 +/- 0.04073261763721114
k4 = 0.0 +/- 0.0
k5 = 0.0 +/- 0.0
k6 = 0.0 +/- 0.0

Tangential Distortion
p1 = -0.0017776889168812065 /- 0.008388406130883343
p2 = 0.005535645573645195 /- 0.009150084224927874

Thin Prism Distortion:
s1 = -0.005408118713973698 +/- 0.00923880456958619
s2 = 0.001137450305762684 +/- 0.0019794632569479476
s3 = 0.0018306972293663784 +/- 0.008437864408173583
s4 = -0.0011591468536067762 +/- 0.0013555093090640586

