RMS reprojection error = 0.5025773581955826
sharpness = 10.38629412651062

Camera Matrix:
fx = 2668.0757341524736 +/- 2.0956369155223373
fy = 2668.8481157325105 +/- 2.7313734494986477
cx = 1615.6360829858654 +/- 63.359060373604855
cy = 1268.6645468092483 +/- 71.73636726937164

Radial Distortion:
k1 = -0.00649639110617735 +/- 0.00485036484451831
k2 = 0.07014163402038814 +/- 0.038556021916466975
k3 = -0.1274062841487976 +/- 0.09359781262238048
k4 = 0.0 +/- 0.0
k5 = 0.0 +/- 0.0
k6 = 0.0 +/- 0.0

Tangential Distortion
p1 = 0.00644700083884525 /- 0.013571392136205257
p2 = -0.0046790262421647815 /- 0.011842556905955304

Thin Prism Distortion:
s1 = 0.004799695759986192 +/- 0.011868843745260049
s2 = -0.0017001154854216461 +/- 0.0028003627375343273
s3 = -0.0059475859462804 +/- 0.013666742429358886
s4 = -0.0015401906340938617 +/- 0.002589312616601831

