RMS reprojection error = 0.15570940242831063
sharpness = 3.0709879279136656

Camera Matrix:
fx = 2668.1918964937 +/- 0.7844236242281855
fy = 2668.3655425727593 +/- 0.8290811730111866
cx = 1610.105998976958 +/- 29.015256728526886
cy = 1245.862040930241 +/- 24.216102539053324

Radial Distortion:
k1 = -0.00280184107414995 +/- 0.0014957112350306985
k2 = 0.041297910877144316 +/- 0.011661588924457926
k3 = -0.056405898140686944 +/- 0.028135421339453286
k4 = 0.0 +/- 0.0
k5 = 0.0 +/- 0.0
k6 = 0.0 +/- 0.0

Tangential Distortion
p1 = 0.0029903103208887053 /- 0.004583580340711321
p2 = -0.005357177760362453 /- 0.0054304398188241045

Thin Prism Distortion:
s1 = 0.005367891869214562 +/- 0.005452543110909156
s2 = -0.00019352474760581939 +/- 0.0011093246060907794
s3 = -0.002870725066372478 +/- 0.004614354861246941
s4 = 0.00011517430186132464 +/- 0.0008490921725903848

