RMS reprojection error = 0.5674385944623108
sharpness = 11.365993618965149

Camera Matrix:
fx = 2669.3811957686294 +/- 2.5211748015066067
fy = 2668.6658636778952 +/- 3.2538005874443154
cx = 1681.7571055029423 +/- 60.141494227209535
cy = 1184.2652631308113 +/- 76.31544666710802

Radial Distortion:
k1 = -0.004495468187242913 +/- 0.0046031243682223225
k2 = 0.04666873641932056 +/- 0.030795571622753676
k3 = -0.05867341731829883 +/- 0.06513915608536923
k4 = 0.0 +/- 0.0
k5 = 0.0 +/- 0.0
k6 = 0.0 +/- 0.0

Tangential Distortion
p1 = -0.008643379082554062 /- 0.014254194984552429
p2 = 0.008114582107616935 /- 0.011150909724307335

Thin Prism Distortion:
s1 = -0.008528227477924887 +/- 0.011370955970985435
s2 = 0.0013215272318544686 +/- 0.0033996537676730092
s3 = 0.00869025867688629 +/- 0.014390662768848693
s4 = -0.0020865367721471934 +/- 0.0026837656459832407

