RMS reprojection error = 0.48359331793588545
sharpness = 13.164385032653808

Camera Matrix:
fx = 2666.5288445075394 +/- 2.6995757411194923
fy = 2666.554544168657 +/- 2.861242173261751
cx = 1669.3818319239087 +/- 95.48807444753557
cy = 1217.6883788751875 +/- 82.93182479710026

Radial Distortion:
k1 = 0.0001745329629728626 +/- 0.004197596576311029
k2 = 0.029251339567211803 +/- 0.028748344633207672
k3 = -0.04217733262740144 +/- 0.06356559676222778
k4 = 0.0 +/- 0.0
k5 = 0.0 +/- 0.0
k6 = 0.0 +/- 0.0

Tangential Distortion
p1 = -0.0026009696972766273 /- 0.015639695990795597
p2 = 0.006717600452911272 /- 0.01790535497329963

Thin Prism Distortion:
s1 = -0.00823357036917893 +/- 0.017936385036605496
s2 = 0.0024474237902897375 +/- 0.0030672480513876956
s3 = 0.002818988020237233 +/- 0.015632664450346057
s4 = -0.0010097396724702379 +/- 0.002195837138348811

