RMS reprojection error = 0.2638409895244451
sharpness = 12.810459232330322

Camera Matrix:
fx = 2667.9364792542447 +/- 0.8636594286998636
fy = 2667.917310327253 +/- 1.2444075864445656
cx = 1644.5598420155136 +/- 51.328738938711524
cy = 1230.9209567204655 +/- 55.33412957200216

Radial Distortion:
k1 = -0.003049587605379618 +/- 0.0023480416677760267
k2 = 0.035680072234526274 +/- 0.017213424616133965
k3 = -0.036866601841633595 +/- 0.03975481339247505
k4 = 0.0 +/- 0.0
k5 = 0.0 +/- 0.0
k6 = 0.0 +/- 0.0

Tangential Distortion
p1 = -0.0003535163183758208 /- 0.010432559307980893
p2 = 0.0010325777444130206 /- 0.009577599142423319

Thin Prism Distortion:
s1 = -0.00156418678419869 +/- 0.009680202881161528
s2 = 0.001401474123154402 +/- 0.002125664555253289
s3 = 0.0004885764372166098 +/- 0.010518001165087193
s4 = 0.00022042729498879162 +/- 0.0015533929238345022

