RMS reprojection error = 0.23128944924808983
sharpness = 9.827553534507752

Camera Matrix:
fx = 2667.482395015104 +/- 0.9365356884084327
fy = 2668.3912644306565 +/- 1.1916930834271178
cx = 1621.7349744749547 +/- 45.27935024025695
cy = 1214.5971820722436 +/- 46.67878772542937

Radial Distortion:
k1 = -0.002549412901583249 +/- 0.002117172417801223
k2 = 0.040225185685135924 +/- 0.01619880621461836
k3 = -0.05808743079981232 +/- 0.0382933191560184
k4 = 0.0 +/- 0.0
k5 = 0.0 +/- 0.0
k6 = 0.0 +/- 0.0

Tangential Distortion
p1 = -0.002852798052027053 /- 0.00881042019981675
p2 = -0.00322686678730752 /- 0.008497617051086976

Thin Prism Distortion:
s1 = 0.0029974869955026497 +/- 0.008561363301346126
s2 = 2.1804772744370655e-05 +/- 0.0015904899373921223
s3 = 0.002837929717660331 +/- 0.008854730692074438
s4 = -0.000487196981844174 +/- 0.0012731550424915754

