RMS reprojection error = 0.12868133411210728
sharpness = 1.8257307887077332

Camera Matrix:
fx = 2667.504683472895 +/- 0.4412975560640041
fy = 2667.853812882388 +/- 0.6545322188620849
cx = 1644.9882529403285 +/- 23.76217969766648
cy = 1215.7138362035591 +/- 28.386108174597616

Radial Distortion:
k1 = -0.002149415631911184 +/- 0.001128755072860225
k2 = 0.03255480141167357 +/- 0.008186318987326963
k3 = -0.03353512959041609 +/- 0.018716431972554945
k4 = 0.0 +/- 0.0
k5 = 0.0 +/- 0.0
k6 = 0.0 +/- 0.0

Tangential Distortion
p1 = -0.002724980038748409 /- 0.005350293808717026
p2 = 0.0011409551135319316 /- 0.004444528320454264

Thin Prism Distortion:
s1 = -0.001173589549461387 +/- 0.0044964818384307685
s2 = 0.0006065408258274213 +/- 0.0009590262052134428
s3 = 0.002781338551377817 +/- 0.00538334326369764
s4 = -0.0005663159467068283 +/- 0.0007393863928615721

