RMS reprojection error = 0.1192673553776889
sharpness = 1.5220734298229217

Camera Matrix:
fx = 2668.207026726329 +/- 0.6510411733368544
fy = 2668.109854449747 +/- 0.6515142181066738
cx = 1607.423518317133 +/- 23.065118313238987
cy = 1239.1829872285991 +/- 16.581409536082667

Radial Distortion:
k1 = -0.0020949525763761796 +/- 0.001150531327660668
k2 = 0.03285284417019316 +/- 0.008874179539650135
k3 = -0.032608636544861146 +/- 0.021379508096596236
k4 = 0.0 +/- 0.0
k5 = 0.0 +/- 0.0
k6 = 0.0 +/- 0.0

Tangential Distortion
p1 = 0.0016562904837882327 /- 0.0031365324774450826
p2 = -0.005797668101212604 /- 0.00431526389570575

Thin Prism Distortion:
s1 = 0.0057782350992651955 +/- 0.004346338443654981
s2 = -0.0004346124261681155 +/- 0.0009388314117815047
s3 = -0.0015579613774157942 +/- 0.003163123418778876
s4 = -0.00028427126288583734 +/- 0.0006490852714638075

