RMS reprojection error = 0.25089384537149717
sharpness = 11.29321825504303

Camera Matrix:
fx = 2667.8716701524177 +/- 1.0774577056554873
fy = 2668.49949467094 +/- 1.550915152581314
cx = 1622.9522639878091 +/- 32.422901659419246
cy = 1273.0451039705304 +/- 44.3660779079535

Radial Distortion:
k1 = -0.0027189476510608226 +/- 0.002396538146141883
k2 = 0.039675591642675596 +/- 0.01844542845006982
k3 = -0.05492695594461902 +/- 0.04407792701428136
k4 = 0.0 +/- 0.0
k5 = 0.0 +/- 0.0
k6 = 0.0 +/- 0.0

Tangential Distortion
p1 = 0.008136700831368459 /- 0.008381759724688067
p2 = -0.0033513178513647256 /- 0.006057673031956872

Thin Prism Distortion:
s1 = 0.003269208178516476 +/- 0.006059736353196597
s2 = -6.506128107359659e-05 +/- 0.0014794083432920573
s3 = -0.00793793054973385 +/- 0.008418269171619626
s4 = 0.0008757906938389195 +/- 0.0013720288730844192

