RMS reprojection error = 0.6479700604690125
sharpness = 14.602634620666503

Camera Matrix:
fx = 2667.1107688357847 +/- 3.7475343840018476
fy = 2667.96261629084 +/- 3.710159283941432
cx = 1606.2381082067084 +/- 120.56029888353403
cy = 1245.251665932874 +/- 88.54253928608871

Radial Distortion:
k1 = -0.002525893912946317 +/- 0.006288517431561947
k2 = 0.03434983215078863 +/- 0.04901320347324565
k3 = -0.04252561179895265 +/- 0.11828588741931634
k4 = 0.0 +/- 0.0
k5 = 0.0 +/- 0.0
k6 = 0.0 +/- 0.0

Tangential Distortion
p1 = 0.0021404539045782054 /- 0.01674482381254203
p2 = -0.006933229363646663 /- 0.022579549541534384

Thin Prism Distortion:
s1 = 0.007566481507321324 +/- 0.022704424828714324
s2 = -0.0013193638958584539 +/- 0.004439022816065209
s3 = -0.0018362556643048138 +/- 0.016874776519852756
s4 = 0.0010621184123213341 +/- 0.0034207402401003014

