RMS reprojection error = 0.318682704111991
sharpness = 14.83518419265747

Camera Matrix:
fx = 2668.785648620553 +/- 1.1979168714823052
fy = 2669.699792286324 +/- 1.6067433233735395
cx = 1626.728795457337 +/- 47.48642763436642
cy = 1250.93252712712 +/- 49.65520107645047

Radial Distortion:
k1 = -0.0037748334907452695 +/- 0.0029842547164002607
k2 = 0.04301349792616478 +/- 0.022708359187756252
k3 = -0.0443331533133409 +/- 0.05404074296279613
k4 = 0.0 +/- 0.0
k5 = 0.0 +/- 0.0
k6 = 0.0 +/- 0.0

Tangential Distortion
p1 = 0.004595240302566038 /- 0.009380212288789143
p2 = -0.002230768793406215 /- 0.008842077603792974

Thin Prism Distortion:
s1 = 0.0020238413425352868 +/- 0.008924098609108009
s2 = 0.0009278851145012577 +/- 0.0024582832382814886
s3 = -0.004936795084355238 +/- 0.00947921338023523
s4 = 0.0002432339616107442 +/- 0.0018877780025100838

