RMS reprojection error = 0.47832670174358866
sharpness = 13.032871961593628

Camera Matrix:
fx = 2667.8101037351626 +/- 2.7071862765657957
fy = 2667.490166982934 +/- 2.7668120572333788
cx = 1608.3750248691845 +/- 97.23560532023586
cy = 1238.6724831111474 +/- 61.022732855000186

Radial Distortion:
k1 = -0.0006187873930543524 +/- 0.00460181381018361
k2 = 0.029926226329193537 +/- 0.03612462423416803
k3 = -0.03956145456520187 +/- 0.08672412118486003
k4 = 0.0 +/- 0.0
k5 = 0.0 +/- 0.0
k6 = 0.0 +/- 0.0

Tangential Distortion
p1 = 0.001516476989071004 /- 0.011575644666497716
p2 = -0.006097332750844661 /- 0.018288521651627313

Thin Prism Distortion:
s1 = 0.007010050144180093 +/- 0.018338818022128753
s2 = -0.0040967985467175744 +/- 0.0031526225143251874
s3 = -0.0011719832297514697 +/- 0.011621556745817356
s4 = -0.00028729043889389675 +/- 0.0024401040770562336

