RMS reprojection error = 0.35972523267445705
sharpness = 15.804542842664217

Camera Matrix:
fx = 2670.1649255915386 +/- 2.070607417550624
fy = 2670.538959619798 +/- 2.16025821549191
cx = 1695.5127116908818 +/- 42.46308471479955
cy = 1171.2491561525153 +/- 42.35978204802522

Radial Distortion:
k1 = -0.000955456952947203 +/- 0.002853149569049126
k2 = 0.019121785352870374 +/- 0.01828318032950267
k3 = 0.004106139355535009 +/- 0.037254641543239216
k4 = 0.0 +/- 0.0
k5 = 0.0 +/- 0.0
k6 = 0.0 +/- 0.0

Tangential Distortion
p1 = -0.010779364685930139 /- 0.00786906018185779
p2 = 0.01055981314351622 /- 0.0077451998971165585

Thin Prism Distortion:
s1 = -0.011039905153850239 +/- 0.007780077577313222
s2 = 0.0023835531407232417 +/- 0.0021212447348759565
s3 = 0.010759926320709072 +/- 0.007942581989054679
s4 = -0.0016182514786402696 +/- 0.001700431845166971

