RMS reprojection error = 0.12280805150059146
sharpness = 1.7053764641284943

Camera Matrix:
fx = 2668.2904241883552 +/- 0.7258219026167311
fy = 2668.2762858742717 +/- 0.6933838173784513
cx = 1601.6902933687293 +/- 22.57169975974013
cy = 1239.8147488986585 +/- 15.27480168124074

Radial Distortion:
k1 = -0.0018838075192252081 +/- 0.0012007772060316309
k2 = 0.03056952909581897 +/- 0.009275029928665008
k3 = -0.025534373661208684 +/- 0.022429713619056886
k4 = 0.0 +/- 0.0
k5 = 0.0 +/- 0.0
k6 = 0.0 +/- 0.0

Tangential Distortion
p1 = 0.0017300187475449613 /- 0.0028896474057315633
p2 = -0.006838390589186862 /- 0.004222457351097268

Thin Prism Distortion:
s1 = 0.006731245227618874 +/- 0.004256360673279709
s2 = -0.0005282109578436482 +/- 0.0009628160366500415
s3 = -0.0016524286137918635 +/- 0.0029170246279360745
s4 = -0.0002445064590065576 +/- 0.0006575152961144202

