RMS reprojection error = 0.30156347286574725
sharpness = 13.449949836730957

Camera Matrix:
fx = 2668.1629456700502 +/- 1.6529924737644692
fy = 2668.3853805754065 +/- 1.7333719594092099
cx = 1666.8865148615666 +/- 62.299855951948345
cy = 1236.0245597088522 +/- 51.559588274378406

Radial Distortion:
k1 = -0.0011139786228558013 +/- 0.0026192687305737223
k2 = 0.025834790981370627 +/- 0.01848314615373672
k3 = -0.021069694182334286 +/- 0.041474765755733646
k4 = 0.0 +/- 0.0
k5 = 0.0 +/- 0.0
k6 = 0.0 +/- 0.0

Tangential Distortion
p1 = 0.0009328508763197378 /- 0.009717040656241127
p2 = 0.005448329519320996 /- 0.01163240684528773

Thin Prism Distortion:
s1 = -0.0057592216244186515 +/- 0.011705754981527514
s2 = 0.0015717976363258765 +/- 0.0022762315256310084
s3 = -0.0010510722156617774 +/- 0.009760671519919125
s4 = -8.431730792369915e-05 +/- 0.0014904634211501439

