RMS reprojection error = 0.39700577545297383
sharpness = 15.477025985717773

Camera Matrix:
fx = 2668.367610144911 +/- 1.78155775265687
fy = 2668.41944685708 +/- 2.0576082845979267
cx = 1617.8877365128235 +/- 73.77614234322492
cy = 1236.2435750762027 +/- 71.0808191797998

Radial Distortion:
k1 = -0.004931567382608165 +/- 0.0038677698372828607
k2 = 0.05887338255317116 +/- 0.03055492929571078
k3 = -0.10321563940079119 +/- 0.07367429574794124
k4 = 0.0 +/- 0.0
k5 = 0.0 +/- 0.0
k6 = 0.0 +/- 0.0

Tangential Distortion
p1 = 0.00026932440702289253 /- 0.01343678363281233
p2 = -0.004131843691202535 /- 0.013778616604431655

Thin Prism Distortion:
s1 = 0.00488293167806574 +/- 0.01380761205856151
s2 = -0.0009940381043554698 +/- 0.00253336437487298
s3 = 0.00021537360743210086 +/- 0.013518567297029353
s4 = -0.00038231246118455663 +/- 0.002165589883234967

