RMS reprojection error = 0.1414881795173408
sharpness = 2.438644176721573

Camera Matrix:
fx = 2668.2280962316677 +/- 0.911787011659167
fy = 2668.269830947683 +/- 0.8401849703986912
cx = 1597.5937947741338 +/- 26.344113106441974
cy = 1236.0530659100275 +/- 16.86315175648025

Radial Distortion:
k1 = -0.0018705689740171358 +/- 0.00138715145818112
k2 = 0.031372468150602066 +/- 0.01072900440475781
k3 = -0.02933345058339314 +/- 0.025955464086421277
k4 = 0.0 +/- 0.0
k5 = 0.0 +/- 0.0
k6 = 0.0 +/- 0.0

Tangential Distortion
p1 = 0.0009997831537361666 /- 0.0031896685572184026
p2 = -0.007564466450979286 /- 0.004931315634899426

Thin Prism Distortion:
s1 = 0.007524976292394915 +/- 0.004967734887158976
s2 = -0.0005741141711429904 +/- 0.001081508525223271
s3 = -0.0008540377139849539 +/- 0.0032191133782525725
s4 = -0.000726261805009051 +/- 0.0007420165825881688

