RMS reprojection error = 0.12339511111953387
sharpness = 1.7835440814495087

Camera Matrix:
fx = 2667.8619143222004 +/- 0.689687947884073
fy = 2668.3356223433652 +/- 0.6843428817772164
cx = 1607.196092417206 +/- 23.99210231141283
cy = 1236.9719143671673 +/- 16.886227113787896

Radial Distortion:
k1 = -0.0016560561283612317 +/- 0.0011914197529812145
k2 = 0.02993340491912102 +/- 0.009152451696976698
k3 = -0.025633847858847612 +/- 0.02203963489173996
k4 = 0.0 +/- 0.0
k5 = 0.0 +/- 0.0
k6 = 0.0 +/- 0.0

Tangential Distortion
p1 = 0.0011853176881575298 /- 0.0031937416592285467
p2 = -0.006042908436946375 /- 0.004490902786354927

Thin Prism Distortion:
s1 = 0.006179936953174453 +/- 0.004524297245429009
s2 = -0.00034196749099744836 +/- 0.000986071496959137
s3 = -0.0011032914430977169 +/- 0.0032204273825872493
s4 = -0.0005343693911258449 +/- 0.0006695209742732779

