RMS reprojection error = 0.291947815273209
sharpness = 14.431932306289672

Camera Matrix:
fx = 2667.068022397457 +/- 1.1018442691504053
fy = 2667.317248053947 +/- 1.5697381424943917
cx = 1637.4429335768973 +/- 58.049310673191606
cy = 1250.6001971727737 +/- 69.7538322183133

Radial Distortion:
k1 = -0.0022537282164624838 +/- 0.0026841018964445405
k2 = 0.03836040994937493 +/- 0.020195259605514805
k3 = -0.056404248159834414 +/- 0.04758902189888455
k4 = 0.0 +/- 0.0
k5 = 0.0 +/- 0.0
k6 = 0.0 +/- 0.0

Tangential Distortion
p1 = 0.003796240897157121 /- 0.013192724520418978
p2 = -0.00032404282190908227 /- 0.010865822078717337

Thin Prism Distortion:
s1 = -2.9154122575363832e-05 +/- 0.010879352039874926
s2 = -7.001056709241681e-05 +/- 0.0020053490510686246
s3 = -0.003620188043033017 +/- 0.01323127584309728
s4 = 0.00013961288007113698 +/- 0.001637586033045617

