RMS reprojection error = 0.17412337293186592
sharpness = 4.680461049079895

Camera Matrix:
fx = 2667.3480377869346 +/- 0.630258918177635
fy = 2667.905855222138 +/- 0.8358648100419872
cx = 1628.8245347372108 +/- 39.159501306560294
cy = 1240.3993936008326 +/- 34.79425237544321

Radial Distortion:
k1 = -0.0010383652939204094 +/- 0.001614689371725274
k2 = 0.02259518209223976 +/- 0.012161439924656363
k3 = -0.011660381917780483 +/- 0.028827176912143506
k4 = 0.0 +/- 0.0
k5 = 0.0 +/- 0.0
k6 = 0.0 +/- 0.0

Tangential Distortion
p1 = 0.0016278559704522304 /- 0.006570717913665854
p2 = -0.001871209225796708 /- 0.0073248234010012325

Thin Prism Distortion:
s1 = 0.0020766412839196527 +/- 0.007373570070500339
s2 = -0.00011037430256754209 +/- 0.0014708923349407363
s3 = -0.0014652605587521842 +/- 0.006612064516227522
s4 = -0.00013524988439050353 +/- 0.0010236633278194976

