RMS reprojection error = 0.4560599097725703
sharpness = 11.842381525039674

Camera Matrix:
fx = 2666.985006336006 +/- 1.910029849100661
fy = 2666.8509348555776 +/- 2.6547062013134215
cx = 1630.955692308734 +/- 92.97547861735359
cy = 1254.3402234463013 +/- 120.29080464310273

Radial Distortion:
k1 = -0.000961657448058338 +/- 0.004250134297107016
k2 = 0.03302607322394566 +/- 0.03242191808989381
k3 = -0.05315104827259737 +/- 0.0770581126711983
k4 = 0.0 +/- 0.0
k5 = 0.0 +/- 0.0
k6 = 0.0 +/- 0.0

Tangential Distortion
p1 = 0.004698164966372322 /- 0.022778544823373464
p2 = -0.0016555599284117336 /- 0.017450329952539326

Thin Prism Distortion:
s1 = 0.0016320904747777923 +/- 0.01738952827464358
s2 = 2.3528984350792706e-05 +/- 0.0027835314284196245
s3 = -0.004802642420492317 +/- 0.022772046918055587
s4 = 0.0002004367906682331 +/- 0.002455204395543741

