RMS reprojection error = 0.7507122258216776
sharpness = 12.935529899597167

Camera Matrix:
fx = 2667.508671582846 +/- 3.4359249272845984
fy = 2669.6540633654404 +/- 4.676168694411406
cx = 1673.8701949845426 +/- 104.97542553456654
cy = 1183.016334755809 +/- 135.88254573548892

Radial Distortion:
k1 = 0.0011191483720374771 +/- 0.006043976911386206
k2 = 0.01397213395352309 +/- 0.04073327296257621
k3 = -0.006174544189550383 +/- 0.0868594542089185
k4 = 0.0 +/- 0.0
k5 = 0.0 +/- 0.0
k6 = 0.0 +/- 0.0

Tangential Distortion
p1 = -0.008831419044310906 /- 0.025456737928897275
p2 = 0.006410885282231691 /- 0.01964203989655981

Thin Prism Distortion:
s1 = -0.006324017224246299 +/- 0.01982608827744831
s2 = 0.0014540966487699965 +/- 0.0042780319054748425
s3 = 0.008892916930363278 +/- 0.02549020657798439
s4 = 0.001926026025900942 +/- 0.0034523840972218514

