RMS reprojection error = 0.18282048528454212
sharpness = 5.528663587570191

Camera Matrix:
fx = 2667.7273844998854 +/- 0.894781839250702
fy = 2667.832032114412 +/- 0.9700383655848556
cx = 1612.0558764746768 +/- 35.209931452426176
cy = 1220.2180754823514 +/- 29.428271346881832

Radial Distortion:
k1 = -0.0022619085473130746 +/- 0.0017057811213077021
k2 = 0.035805839025102704 +/- 0.013026755325789233
k3 = -0.04210030392922778 +/- 0.030990669931882393
k4 = 0.0 +/- 0.0
k5 = 0.0 +/- 0.0
k6 = 0.0 +/- 0.0

Tangential Distortion
p1 = -0.0019796677220116155 /- 0.005558604259850776
p2 = -0.004994564430739823 /- 0.006601177078377717

Thin Prism Distortion:
s1 = 0.004995655342031529 +/- 0.006656813977534653
s2 = -0.00015690161208648 +/- 0.0013632134121211443
s3 = 0.001785724975769579 +/- 0.005599942039572051
s4 = 0.00023205218394713008 +/- 0.0010032742175470858

