RMS reprojection error = 0.6549487906134712
sharpness = 14.439109230041504

Camera Matrix:
fx = 2665.9409839847676 +/- 6.348209922671628
fy = 2665.242559979756 +/- 5.301224472552452
cx = 1602.4150719537304 +/- 207.3075930045619
cy = 1237.652163330892 +/- 104.25753073608827

Radial Distortion:
k1 = 0.003781016613369757 +/- 0.006484445413343322
k2 = 0.005472581541847985 +/- 0.04957352201546858
k3 = -0.005777856162300085 +/- 0.11938138426417674
k4 = 0.0 +/- 0.0
k5 = 0.0 +/- 0.0
k6 = 0.0 +/- 0.0

Tangential Distortion
p1 = 0.0008447546503646143 /- 0.01981920518845556
p2 = -0.007463850129783009 /- 0.03923093469892952

Thin Prism Distortion:
s1 = 0.00792871537954808 +/- 0.03892639834280791
s2 = -0.000632449638388001 +/- 0.003513503977104654
s3 = -0.00028281151565215476 +/- 0.019727030308238483
s4 = -0.0003561653333413028 +/- 0.0031507613110948055

