RMS reprojection error = 0.17278260694171868
sharpness = 5.135240530967712

Camera Matrix:
fx = 2667.614425816441 +/- 0.755398975766194
fy = 2667.810656346938 +/- 0.9281327369885056
cx = 1660.1272239530704 +/- 32.39386814172496
cy = 1247.7448624633737 +/- 32.76248090038234

Radial Distortion:
k1 = -0.002565635413952033 +/- 0.0015321546016746725
k2 = 0.03666755550506222 +/- 0.010936914893803868
k3 = -0.04553813204362149 +/- 0.024854345961138717
k4 = 0.0 +/- 0.0
k5 = 0.0 +/- 0.0
k6 = 0.0 +/- 0.0

Tangential Distortion
p1 = 0.00318704601243985 /- 0.006185211607836595
p2 = 0.004031288993576859 /- 0.006046046847541271

Thin Prism Distortion:
s1 = -0.004353414761521468 +/- 0.006081009006365677
s2 = 0.0009582125897838816 +/- 0.0012585983861616086
s3 = -0.003143050243526802 +/- 0.00621498779164667
s4 = 0.0005695711688962926 +/- 0.0009044494353059832

