RMS reprojection error = 0.28646417494191734
sharpness = 12.976899099349975

Camera Matrix:
fx = 2667.895939097961 +/- 1.2244722306818043
fy = 2667.262271537216 +/- 1.4888141378813429
cx = 1613.0138344757727 +/- 45.48736807524484
cy = 1215.9683266928666 +/- 47.61107693246987

Radial Distortion:
k1 = -0.005381140427149176 +/- 0.0026762417657659305
k2 = 0.05921293797977426 +/- 0.0209519493649333
k3 = -0.09931459633248893 +/- 0.050281061079105446
k4 = 0.0 +/- 0.0
k5 = 0.0 +/- 0.0
k6 = 0.0 +/- 0.0

Tangential Distortion
p1 = -0.0027845188059221902 /- 0.008989762529177924
p2 = -0.004545896006469235 /- 0.008519235405899247

Thin Prism Distortion:
s1 = 0.004586797052223635 +/- 0.008594076869317346
s2 = 0.00014572728531530847 +/- 0.001758173243487656
s3 = 0.002802606912845471 +/- 0.00906439673569845
s4 = 0.00018100371941301018 +/- 0.0015377286138717255

