RMS reprojection error = 0.1172935180460984
sharpness = 1.4994056701660157

Camera Matrix:
fx = 2668.134699415515 +/- 0.6355970497169723
fy = 2668.0855201742406 +/- 0.6392674993701776
cx = 1608.5859742529412 +/- 23.16772582970446
cy = 1236.1322947698884 +/- 16.574533241087604

Radial Distortion:
k1 = -0.0019854577126628835 +/- 0.001126346864532055
k2 = 0.03195250268099437 +/- 0.008659304490036166
k3 = -0.030683096120874286 +/- 0.020822443556009464
k4 = 0.0 +/- 0.0
k5 = 0.0 +/- 0.0
k6 = 0.0 +/- 0.0

Tangential Distortion
p1 = 0.0010715993479695927 /- 0.003134434865083277
p2 = -0.005597206874349277 /- 0.0043354516196526536

Thin Prism Distortion:
s1 = 0.005595017250757517 +/- 0.004368176749950857
s2 = -0.0004230937111311645 +/- 0.0009358358283111903
s3 = -0.0009590133069863285 +/- 0.0031606477301049313
s4 = -0.00039162988431103315 +/- 0.0006393496072493247

