RMS reprojection error = 0.1279127908554518
sharpness = 1.8846375465393066

Camera Matrix:
fx = 2668.161244808486 +/- 0.8653510511111004
fy = 2668.306095620935 +/- 0.7826041399821774
cx = 1593.6154833223084 +/- 22.90106141499138
cy = 1236.4157766742826 +/- 14.048492689303139

Radial Distortion:
k1 = -0.0018072034058275435 +/- 0.0012636300393356215
k2 = 0.031333350843404044 +/- 0.009791924439712042
k3 = -0.029026039912355975 +/- 0.02372580911393832
k4 = 0.0 +/- 0.0
k5 = 0.0 +/- 0.0
k6 = 0.0 +/- 0.0

Tangential Distortion
p1 = 0.0010291598300246766 /- 0.0026583716058304753
p2 = -0.008424780484481507 /- 0.004288317307588414

Thin Prism Distortion:
s1 = 0.008471650609430859 +/- 0.004320274535537463
s2 = -0.0010146034832941846 +/- 0.0009535510730327505
s3 = -0.0008897150963106439 +/- 0.0026842764223889157
s4 = -0.00042677454110505035 +/- 0.0006618172994889895

