RMS reprojection error = 0.284708427054038
sharpness = 13.094396591186523

Camera Matrix:
fx = 2668.553206427591 +/- 1.3951976890399955
fy = 2668.8386750025484 +/- 1.5391039870359144
cx = 1670.5703979404 +/- 45.135141053041714
cy = 1234.4014558748834 +/- 39.82755375146865

Radial Distortion:
k1 = -0.005324085783062569 +/- 0.0025073329316190524
k2 = 0.053107486814489464 +/- 0.017360839641228042
k3 = -0.0745875566068315 +/- 0.03895649437436997
k4 = 0.0 +/- 0.0
k5 = 0.0 +/- 0.0
k6 = 0.0 +/- 0.0

Tangential Distortion
p1 = 0.0004792554034405738 /- 0.007494976826866487
p2 = 0.005915541296642782 /- 0.008390900551821448

Thin Prism Distortion:
s1 = -0.00601275585063213 +/- 0.008492031824187384
s2 = 0.001642016959088934 +/- 0.002083946631690304
s3 = -0.00018552105860712026 +/- 0.007561965374231
s4 = -0.00014196155120089349 +/- 0.001368658897739199

