RMS reprojection error = 0.32409495617609474
sharpness = 14.508149200015598

Camera Matrix:
fx = 2667.575556556485 +/- 1.873967965744525
fy = 2669.194484846816 +/- 2.419485905781384
cx = 1639.887207552678 +/- 49.503333938164175
cy = 1273.3463362070943 +/- 72.3120452648067

Radial Distortion:
k1 = -0.0019572822044833286 +/- 0.003157966980795584
k2 = 0.03754226274329405 +/- 0.023615916628820777
k3 = -0.053770533532263964 +/- 0.05530257955201811
k4 = 0.0 +/- 0.0
k5 = 0.0 +/- 0.0
k6 = 0.0 +/- 0.0

Tangential Distortion
p1 = 0.008028309984431683 /- 0.013729603294843169
p2 = 1.0780352523681035e-05 /- 0.009378556599611393

Thin Prism Distortion:
s1 = -1.6274168718078713e-05 +/- 0.009473514441857369
s2 = 0.0005214707987363684 +/- 0.002242356511550752
s3 = -0.007633820068325853 +/- 0.013800366543089493
s4 = -0.0008789948462969849 +/- 0.0018836953905428853

