RMS reprojection error = 0.1214238064578249
sharpness = 1.627466732263565

Camera Matrix:
fx = 2668.2562542495803 +/- 0.6768827918719764
fy = 2668.141573848431 +/- 0.6698426524189056
cx = 1605.0158017039932 +/- 22.772182138202588
cy = 1244.4125730072305 +/- 16.379210734818418

Radial Distortion:
k1 = -0.0020188375658390166 +/- 0.0011815877961854331
k2 = 0.032635387577910874 +/- 0.009159545957570387
k3 = -0.03285435910548242 +/- 0.022132965146271437
k4 = 0.0 +/- 0.0
k5 = 0.0 +/- 0.0
k6 = 0.0 +/- 0.0

Tangential Distortion
p1 = 0.0026461751879351615 /- 0.003099442799822173
p2 = -0.006268372054039772 /- 0.004260388986624201

Thin Prism Distortion:
s1 = 0.006285012826420149 +/- 0.004287409593173639
s2 = -0.00066397243534899 +/- 0.0009257220584788904
s3 = -0.0025016084920080296 +/- 0.003125068457851667
s4 = -0.0003083612831995814 +/- 0.0006553287600488808

