RMS reprojection error = 0.14906989357069353
sharpness = 2.9156458616256713

Camera Matrix:
fx = 2668.386374156043 +/- 0.7686489184560885
fy = 2668.558090752217 +/- 0.8007853742226269
cx = 1610.0776189002827 +/- 28.306179871033603
cy = 1246.4706331882592 +/- 21.46838242343838

Radial Distortion:
k1 = -0.002621642954124553 +/- 0.0014345956338750868
k2 = 0.03870467798131898 +/- 0.01120095293947206
k3 = -0.05014642011965406 +/- 0.027007557508933414
k4 = 0.0 +/- 0.0
k5 = 0.0 +/- 0.0
k6 = 0.0 +/- 0.0

Tangential Distortion
p1 = 0.0029780933347409284 /- 0.004062798906948934
p2 = -0.00544858751905225 /- 0.005298213585426919

Thin Prism Distortion:
s1 = 0.0055048635183246025 +/- 0.005325549502631992
s2 = -0.0014078370505283392 +/- 0.00108120442152733
s3 = -0.002909150387634057 +/- 0.0040920918242839666
s4 = -0.0003659148485878302 +/- 0.0008023834097518339

