RMS reprojection error = 0.13809042212713285
sharpness = 1.987365049123764

Camera Matrix:
fx = 2667.984083746352 +/- 0.7331821909991663
fy = 2667.5535338611335 +/- 0.7448444472903714
cx = 1610.7408450495777 +/- 28.78744381749652
cy = 1229.7657778715259 +/- 20.673608731502906

Radial Distortion:
k1 = -0.0015960224509910656 +/- 0.0013139545624238351
k2 = 0.02831813109306076 +/- 0.010021734666487953
k3 = -0.023919725162967684 +/- 0.023996164066183073
k4 = 0.0 +/- 0.0
k5 = 0.0 +/- 0.0
k6 = 0.0 +/- 0.0

Tangential Distortion
p1 = -7.009565325584758e-05 /- 0.003907029488826948
p2 = -0.005109012631242988 /- 0.005390501211280992

Thin Prism Distortion:
s1 = 0.005025024072625223 +/- 0.005433605727834289
s2 = -0.00040185215225387863 +/- 0.0011180367348236472
s3 = 0.00017634906637473211 +/- 0.003937425272636671
s4 = -0.0003779713589662422 +/- 0.0007536231158864938

