RMS reprojection error = 0.15269441376662424
sharpness = 3.3245882868766783

Camera Matrix:
fx = 2667.6347255442092 +/- 0.5235915845363723
fy = 2667.900096830477 +/- 0.7636038245103611
cx = 1630.1093280168254 +/- 28.18904908953109
cy = 1215.2230469266638 +/- 31.1115878835482

Radial Distortion:
k1 = -0.0023813829602118016 +/- 0.00137221098068701
k2 = 0.0338782617149473 +/- 0.010204545292310699
k3 = -0.03627550102597615 +/- 0.023764288151082072
k4 = 0.0 +/- 0.0
k5 = 0.0 +/- 0.0
k6 = 0.0 +/- 0.0

Tangential Distortion
p1 = -0.002872344746446446 /- 0.005865934393866287
p2 = -0.001575104598935271 /- 0.005279206917608466

Thin Prism Distortion:
s1 = 0.0014424845545834596 +/- 0.005341863504842804
s2 = 0.00011885211474923943 +/- 0.0011405135811575326
s3 = 0.0030706762420324323 +/- 0.005904810725149781
s4 = -0.0012744449765220566 +/- 0.0008760236486670105

