RMS reprojection error = 0.1549802274061494
sharpness = 3.3715680480003356

Camera Matrix:
fx = 2667.8341710847144 +/- 0.8422209036605857
fy = 2668.1010188722717 +/- 0.8448116978362362
cx = 1605.1470409761432 +/- 28.245894367443626
cy = 1253.6601442677224 +/- 22.96077600103378

Radial Distortion:
k1 = -0.0019515771505476936 +/- 0.0015118604701733645
k2 = 0.03552845746915074 +/- 0.011834249176755922
k3 = -0.045551695751068905 +/- 0.028657133854402998
k4 = 0.0 +/- 0.0
k5 = 0.0 +/- 0.0
k6 = 0.0 +/- 0.0

Tangential Distortion
p1 = 0.0042039850962883206 /- 0.004347552797044581
p2 = -0.006305835424912811 /- 0.005290847624537275

Thin Prism Distortion:
s1 = 0.006021180280433848 +/- 0.005304111448783936
s2 = -0.0002468625504509609 +/- 0.0010562895537490225
s3 = -0.003915101400618769 +/- 0.0043723800300108015
s4 = 3.770148387285846e-05 +/- 0.0008272525046878843

