RMS reprojection error = 0.17822338469826662
sharpness = 4.436159551143646

Camera Matrix:
fx = 2667.253028716899 +/- 0.7355820824875885
fy = 2667.468635575444 +/- 0.8733613370471262
cx = 1622.5894766887652 +/- 39.72282101313918
cy = 1231.8452101141406 +/- 34.128659985963985

Radial Distortion:
k1 = -0.0010568135777779698 +/- 0.0016585649783799842
k2 = 0.02515960745037185 +/- 0.01252144672706192
k3 = -0.017855799013957386 +/- 0.029737100841710138
k4 = 0.0 +/- 0.0
k5 = 0.0 +/- 0.0
k6 = 0.0 +/- 0.0

Tangential Distortion
p1 = 0.00040055337051198193 /- 0.006450094701519698
p2 = -0.002956256971562854 /- 0.007438451561289513

Thin Prism Distortion:
s1 = 0.002847589812190634 +/- 0.007489455264226481
s2 = 0.0005660983709346452 +/- 0.0014908607398467087
s3 = -0.00030299763990213345 +/- 0.006490204678293607
s4 = -0.00016031468772091423 +/- 0.0010305041736833752

