RMS reprojection error = 0.36502220044789363
sharpness = 15.674736261367798

Camera Matrix:
fx = 2666.3813941739522 +/- 1.6314014903086647
fy = 2666.6270308257153 +/- 2.657836710032496
cx = 1648.954209160488 +/- 48.55612696266293
cy = 1189.609868934642 +/- 84.20106031417953

Radial Distortion:
k1 = -0.0010091727282739867 +/- 0.0031626942219278287
k2 = 0.039640834836935104 +/- 0.022860932532525722
k3 = -0.0690396849958606 +/- 0.051929944397103966
k4 = 0.0 +/- 0.0
k5 = 0.0 +/- 0.0
k6 = 0.0 +/- 0.0

Tangential Distortion
p1 = -0.007786711442294633 /- 0.01587645344316183
p2 = 0.002351077616606907 /- 0.009130360436024176

Thin Prism Distortion:
s1 = -0.0031166802462240717 +/- 0.00920705299314801
s2 = 0.0014340504822072438 +/- 0.0019494925769617515
s3 = 0.007492769817264946 +/- 0.015871307006867653
s4 = 0.0010970863131991454 +/- 0.0017780462545604393

