RMS reprojection error = 0.29693976185215765
sharpness = 14.45018196105957

Camera Matrix:
fx = 2668.1708284121464 +/- 1.7182930059348196
fy = 2667.9280394834905 +/- 1.6836518964060434
cx = 1606.5677386921711 +/- 59.11752230523999
cy = 1230.4966077176255 +/- 44.48074820271223

Radial Distortion:
k1 = -0.002505931488085766 +/- 0.0028251874609363584
k2 = 0.043892498303872256 +/- 0.022217152164125297
k3 = -0.06984058004321116 +/- 0.053540358249943465
k4 = 0.0 +/- 0.0
k5 = 0.0 +/- 0.0
k6 = 0.0 +/- 0.0

Tangential Distortion
p1 = -0.00036128558795696516 /- 0.00842286858896664
p2 = -0.005875621701580334 /- 0.01109974552825813

Thin Prism Distortion:
s1 = 0.005634816675180664 +/- 0.011129298526049042
s2 = -0.0004750821074941615 +/- 0.001927817383243379
s3 = 0.00047513879134025694 +/- 0.008466140035582189
s4 = 0.000420266866384701 +/- 0.0015434982637853169

