RMS reprojection error = 0.16882073237211853
sharpness = 4.6546936392784115

Camera Matrix:
fx = 2668.3508019537685 +/- 0.9824852486540527
fy = 2668.7787200905336 +/- 0.9613077755955098
cx = 1601.243141714357 +/- 29.211319780373067
cy = 1245.7923629157763 +/- 21.29665353702281

Radial Distortion:
k1 = -0.003122431557577584 +/- 0.0016487402307842655
k2 = 0.0436501458989903 +/- 0.012948412571011708
k3 = -0.059748603885716005 +/- 0.03138827210906352
k4 = 0.0 +/- 0.0
k5 = 0.0 +/- 0.0
k6 = 0.0 +/- 0.0

Tangential Distortion
p1 = 0.002766676373658736 /- 0.004032909907322542
p2 = -0.0073037882015662674 /- 0.005467768005462984

Thin Prism Distortion:
s1 = 0.007596619527398934 +/- 0.005495501379860697
s2 = -0.0009976120894354702 +/- 0.0011708960738383491
s3 = -0.002687105884331473 +/- 0.004066809546802741
s4 = -6.876459013286978e-05 +/- 0.0008920232869937704

