RMS reprojection error = 0.29284697064828796
sharpness = 12.705885457992554

Camera Matrix:
fx = 2668.5448325376024 +/- 1.2519497202291632
fy = 2668.0019671384343 +/- 1.8337298827468342
cx = 1649.6659254069739 +/- 37.28650008263199
cy = 1273.0579523972724 +/- 51.60535052345747

Radial Distortion:
k1 = -0.0043658008930107725 +/- 0.0026679054637367464
k2 = 0.05174958238562382 +/- 0.019610892544407416
k3 = -0.08172562812232811 +/- 0.04557227722689813
k4 = 0.0 +/- 0.0
k5 = 0.0 +/- 0.0
k6 = 0.0 +/- 0.0

Tangential Distortion
p1 = 0.00793173189064493 /- 0.009746905733523475
p2 = 0.0019502365598755291 /- 0.006941360429071703

Thin Prism Distortion:
s1 = -0.0017875830021728046 +/- 0.00696232832589621
s2 = 0.0007186002253284625 +/- 0.0017730800712352803
s3 = -0.007942138597034753 +/- 0.009789485952904388
s4 = -9.272923611777197e-06 +/- 0.0015206104514554717

