RMS reprojection error = 0.21853325180873318
sharpness = 9.32498664855957

Camera Matrix:
fx = 2668.27502895645 +/- 1.7810014677704618
fy = 2668.7793047873524 +/- 1.4764657529327656
cx = 1582.5535209770978 +/- 39.058806573273
cy = 1245.2399980225653 +/- 22.27832703260992

Radial Distortion:
k1 = 0.0007821820285032611 +/- 0.002216341412256869
k2 = 0.015546124613178313 +/- 0.017230838949441284
k3 = -0.0024011511353750075 +/- 0.041992676837088155
k4 = 0.0 +/- 0.0
k5 = 0.0 +/- 0.0
k6 = 0.0 +/- 0.0

Tangential Distortion
p1 = 0.0028191423163911873 /- 0.004223250534080075
p2 = -0.010692338277102987 /- 0.00733251073888003

Thin Prism Distortion:
s1 = 0.010517600272687206 +/- 0.007352489642736901
s2 = -0.0004856841502026437 +/- 0.0014595343164591804
s3 = -0.0025037393023024175 +/- 0.004249557080565181
s4 = -0.00020186261411774998 +/- 0.0010847685131439707

