RMS reprojection error = 0.23008278482603797
sharpness = 10.327062034606934

Camera Matrix:
fx = 2667.53847065813 +/- 1.1344197979109816
fy = 2667.5455662236996 +/- 1.2485215644723462
cx = 1606.6909965613495 +/- 40.50183423256877
cy = 1207.7428499284224 +/- 36.13005225423442

Radial Distortion:
k1 = -0.003056571178104982 +/- 0.0021300579731475693
k2 = 0.042993456642855324 +/- 0.016572473581297938
k3 = -0.06519686305368111 +/- 0.03935442967698174
k4 = 0.0 +/- 0.0
k5 = 0.0 +/- 0.0
k6 = 0.0 +/- 0.0

Tangential Distortion
p1 = -0.0040375486124481315 /- 0.006812351102210713
p2 = -0.005657182239054168 /- 0.007606564565680681

Thin Prism Distortion:
s1 = 0.005486401117054975 +/- 0.007661460269264994
s2 = -0.0011238093427269069 +/- 0.0014349916265706056
s3 = 0.003917035697052693 +/- 0.006855512123167829
s4 = 7.990377355704746e-05 +/- 0.0011966963417069812

