RMS reprojection error = 0.23153976115871908
sharpness = 10.295458841323853

Camera Matrix:
fx = 2667.6989190013765 +/- 0.7922267687428097
fy = 2667.927247896949 +/- 1.1042927521636274
cx = 1645.3729529275013 +/- 48.981007538055586
cy = 1229.0948424127118 +/- 52.86073597511586

Radial Distortion:
k1 = -0.002459561494764599 +/- 0.0020652583344056103
k2 = 0.037313043427595734 +/- 0.015086085368266004
k3 = -0.046963790163131444 +/- 0.03483170098696908
k4 = 0.0 +/- 0.0
k5 = 0.0 +/- 0.0
k6 = 0.0 +/- 0.0

Tangential Distortion
p1 = -0.0003086956682244843 /- 0.009979048842231962
p2 = 0.00145877585016742 /- 0.009159949630946252

Thin Prism Distortion:
s1 = -0.0016179499942921207 +/- 0.009229823288019348
s2 = 0.0007759715189992787 +/- 0.001818175587115652
s3 = 0.0003561671504943508 +/- 0.010031291224210427
s4 = 0.00034258713403764176 +/- 0.0013199584981388843

