RMS reprojection error = 0.2411752537072737
sharpness = 11.435118269920348

Camera Matrix:
fx = 2668.5643108136924 +/- 1.251454118675526
fy = 2668.525288857611 +/- 1.3061525249466304
cx = 1602.5747185913776 +/- 38.34527972429508
cy = 1255.752691592553 +/- 32.623015733476805

Radial Distortion:
k1 = -0.0028472706600052794 +/- 0.002365133300587133
k2 = 0.04203027631776263 +/- 0.018608259443339964
k3 = -0.056596698577482944 +/- 0.045145799219597146
k4 = 0.0 +/- 0.0
k5 = 0.0 +/- 0.0
k6 = 0.0 +/- 0.0

Tangential Distortion
p1 = 0.004339135927132779 /- 0.006177588287678501
p2 = -0.0070462525621361434 /- 0.007177138566092963

Thin Prism Distortion:
s1 = 0.007478058551546715 +/- 0.007206635885971826
s2 = -0.0009336187842705567 +/- 0.00159236048710988
s3 = -0.004053294993326212 +/- 0.006221940921840631
s4 = 0.0009522103101020048 +/- 0.001291673749446388

