RMS reprojection error = 0.2316010000249501
sharpness = 10.274884462356567

Camera Matrix:
fx = 2667.198823653862 +/- 0.889685454272547
fy = 2669.047188247322 +/- 1.4133597851115314
cx = 1628.305483305853 +/- 29.78711488307975
cy = 1193.2508258319085 +/- 41.94642211440706

Radial Distortion:
k1 = -0.000565122806145987 +/- 0.0020242661875589218
k2 = 0.02143818302255687 +/- 0.014729564681611868
k3 = -0.0063223170167464125 +/- 0.03390682107795172
k4 = 0.0 +/- 0.0
k5 = 0.0 +/- 0.0
k6 = 0.0 +/- 0.0

Tangential Distortion
p1 = -0.007250835422778342 /- 0.007883432413243189
p2 = -0.0022382975625443633 /- 0.0055977336266205815

Thin Prism Distortion:
s1 = 0.002709110764876099 +/- 0.005692847355590448
s2 = -5.349647112652898e-05 +/- 0.0014454309165534388
s3 = 0.007375171163070283 +/- 0.007928756064678811
s4 = -0.0014649746562055718 +/- 0.0012659720465305912

