RMS reprojection error = 0.34492595806360044
sharpness = 15.733251942528618

Camera Matrix:
fx = 2668.838256392788 +/- 3.4049941130307437
fy = 2669.5613160310872 +/- 2.6841840684986678
cx = 1567.3572814036393 +/- 57.81795913502922
cy = 1228.4238207158685 +/- 35.85956855439461

Radial Distortion:
k1 = 0.003148817144746949 +/- 0.003729947239414345
k2 = 0.0013404773676582971 +/- 0.028669926207275653
k3 = 0.02908113565400944 +/- 0.06982069103755362
k4 = 0.0 +/- 0.0
k5 = 0.0 +/- 0.0
k6 = 0.0 +/- 0.0

Tangential Distortion
p1 = -0.0004884592410378155 /- 0.006757074933557197
p2 = -0.013702281032462377 /- 0.010858523147275098

Thin Prism Distortion:
s1 = 0.01337280300964407 +/- 0.010903151803766801
s2 = 4.710091563647733e-05 +/- 0.0024065621332277944
s3 = 0.00033871995956543484 +/- 0.006783421444977788
s4 = -0.0007254592388133192 +/- 0.001863477503843217

