RMS reprojection error = 0.5076254199866136
sharpness = 15.681415510177612

Camera Matrix:
fx = 2668.215896968509 +/- 2.061096321234383
fy = 2666.5889928475035 +/- 2.67152840550851
cx = 1659.5941085194372 +/- 78.2587937139294
cy = 1248.928589910494 +/- 80.06489112371864

Radial Distortion:
k1 = -0.004244568054167596 +/- 0.004507693374278452
k2 = 0.04486254951243006 +/- 0.032169899921701786
k3 = -0.059244839659880456 +/- 0.0731861036631067
k4 = 0.0 +/- 0.0
k5 = 0.0 +/- 0.0
k6 = 0.0 +/- 0.0

Tangential Distortion
p1 = 0.004218776874823546 /- 0.015108498099066493
p2 = 0.004078254792307258 /- 0.01455852193949444

Thin Prism Distortion:
s1 = -0.004790863207886793 +/- 0.014674732815992145
s2 = 0.0031512626690112407 +/- 0.003487224271918161
s3 = -0.004590141760143431 +/- 0.015225762212978826
s4 = 0.0006257967885508731 +/- 0.0025889614872208924

