RMS reprojection error = 0.3228359188671016
sharpness = 15.291865921020507

Camera Matrix:
fx = 2667.9885922189865 +/- 1.5519071711091506
fy = 2669.0346664067774 +/- 1.7000623115570626
cx = 1611.128851291413 +/- 55.950196461911126
cy = 1249.0509016816802 +/- 46.017879573240286

Radial Distortion:
k1 = -0.0021524643504341463 +/- 0.003113258071285104
k2 = 0.03621192370800823 +/- 0.02411000616351941
k3 = -0.0386947803682191 +/- 0.058120255145256275
k4 = 0.0 +/- 0.0
k5 = 0.0 +/- 0.0
k6 = 0.0 +/- 0.0

Tangential Distortion
p1 = 0.0039194792045683735 /- 0.008710771318263654
p2 = -0.005394070980320407 /- 0.010463720613302764

Thin Prism Distortion:
s1 = 0.005504508304942492 +/- 0.01052270308581961
s2 = -0.000491562022427904 +/- 0.0024355481188262757
s3 = -0.003802031053446508 +/- 0.008778596158766179
s4 = -0.0007151588576334398 +/- 0.0017876889160507391

