RMS reprojection error = 0.12447466142132617
sharpness = 1.7293529570102693

Camera Matrix:
fx = 2667.943391986534 +/- 0.6591420609735311
fy = 2667.956361880471 +/- 0.6732541287307878
cx = 1610.8002665997894 +/- 25.302919342292753
cy = 1239.2718368548772 +/- 18.681222515237277

Radial Distortion:
k1 = -0.0017302210502801814 +/- 0.0011931577156041756
k2 = 0.03138348496836529 +/- 0.009176792172084678
k3 = -0.03145964815093437 +/- 0.022056718187855876
k4 = 0.0 +/- 0.0
k5 = 0.0 +/- 0.0
k6 = 0.0 +/- 0.0

Tangential Distortion
p1 = 0.0016494791591660583 /- 0.003534236181302983
p2 = -0.005297483582308576 /- 0.004736820237772911

Thin Prism Distortion:
s1 = 0.005364452083940696 +/- 0.004765598781004673
s2 = -0.00027758184658268644 +/- 0.0009838065324704846
s3 = -0.0015467550017771064 +/- 0.0035599843773427677
s4 = -0.0004189420088720775 +/- 0.0006820221515229977

