RMS reprojection error = 0.19054099886562187
sharpness = 6.903450846672058

Camera Matrix:
fx = 2668.8591225033706 +/- 0.8553630165795434
fy = 2668.991676077052 +/- 1.244849900033656
cx = 1662.5188261471912 +/- 22.96050039616633
cy = 1281.731520215304 +/- 32.115267569919546

Radial Distortion:
k1 = -0.002064354815428182 +/- 0.0016987538518500732
k2 = 0.041175918026609484 +/- 0.012189958040261831
k3 = -0.06177267885281992 +/- 0.027630327354973297
k4 = 0.0 +/- 0.0
k5 = 0.0 +/- 0.0
k6 = 0.0 +/- 0.0

Tangential Distortion
p1 = 0.009447780661079654 /- 0.0060712128266249945
p2 = 0.004563604311530114 /- 0.004281206643044842

Thin Prism Distortion:
s1 = -0.004504831625489557 +/- 0.004286237592124214
s2 = -0.00020934047551359952 +/- 0.0011201992312103348
s3 = -0.00943175564023218 +/- 0.006074218874526826
s4 = 0.0007228417296121706 +/- 0.0009498187244471599

