RMS reprojection error = 0.23719997281806335
sharpness = 11.16963005065918

Camera Matrix:
fx = 2667.646066644817 +/- 1.0241648529277332
fy = 2667.6501664231 +/- 1.2901561538926796
cx = 1612.5758396592187 +/- 34.40936879982985
cy = 1265.2542303420837 +/- 38.09715564307246

Radial Distortion:
k1 = -0.0033602069973669682 +/- 0.0022970571983702984
k2 = 0.048095774783682585 +/- 0.018167312890440313
k3 = -0.08073175765379398 +/- 0.043909034107069804
k4 = 0.0 +/- 0.0
k5 = 0.0 +/- 0.0
k6 = 0.0 +/- 0.0

Tangential Distortion
p1 = 0.006526391366538758 /- 0.007212784797090254
p2 = -0.005068607326846109 /- 0.0064508140577758085

Thin Prism Distortion:
s1 = 0.0052516445051152705 +/- 0.006450891982505768
s2 = -0.001692080880472052 +/- 0.001344372493971391
s3 = -0.006461256867002884 +/- 0.007238383949239458
s4 = 0.0009455389891626663 +/- 0.001232069249138623

