RMS reprojection error = 0.27610903664995445
sharpness = 11.972567367553712

Camera Matrix:
fx = 2668.271274041395 +/- 2.1435329151136413
fy = 2668.0058742442507 +/- 1.830393031149186
cx = 1577.2757445036018 +/- 43.24026248383694
cy = 1250.3650935927456 +/- 25.432698417623573

Radial Distortion:
k1 = -0.0007198281759540148 +/- 0.0028058748226716104
k2 = 0.028968637352976296 +/- 0.021978151371025247
k3 = -0.029194570687745943 +/- 0.05356551198411683
k4 = 0.0 +/- 0.0
k5 = 0.0 +/- 0.0
k6 = 0.0 +/- 0.0

Tangential Distortion
p1 = 0.003738969049203718 /- 0.004827845412664931
p2 = -0.011770967929852829 /- 0.00811191340295522

Thin Prism Distortion:
s1 = 0.012061590955479694 +/- 0.0081351186267043
s2 = -0.001628777074413286 +/- 0.0017550364907489807
s3 = -0.00353544375583534 +/- 0.0048668515938113536
s4 = -0.0005149147052866703 +/- 0.0013637737769775055

