RMS reprojection error = 0.24911372026342204
sharpness = 10.53167290687561

Camera Matrix:
fx = 2668.4400211516117 +/- 1.4843689646475033
fy = 2668.2622647372195 +/- 1.4390133806216485
cx = 1599.8912920664914 +/- 44.46432268685234
cy = 1221.8733492071888 +/- 32.6624034577694

Radial Distortion:
k1 = -0.003461900510712478 +/- 0.0023752278387271014
k2 = 0.04540313639309064 +/- 0.018570134555772586
k3 = -0.06622702171680488 +/- 0.04462920001204865
k4 = 0.0 +/- 0.0
k5 = 0.0 +/- 0.0
k6 = 0.0 +/- 0.0

Tangential Distortion
p1 = -0.0016446468248102043 /- 0.0061690642368592485
p2 = -0.007116885165186537 /- 0.00833215444718448

Thin Prism Distortion:
s1 = 0.007147555426315303 +/- 0.008388080628836966
s2 = -0.0006897255389459344 +/- 0.0016662728918308569
s3 = 0.0017517198449503602 +/- 0.00622028288527211
s4 = -0.0005162898064419528 +/- 0.001293240755570053

