RMS reprojection error = 0.19565343273137062
sharpness = 6.7126740455627445

Camera Matrix:
fx = 2668.3804884891533 +/- 1.3986824607987391
fy = 2668.116857870597 +/- 1.236407538400008
cx = 1589.041164001903 +/- 33.81169019760142
cy = 1239.4170783136046 +/- 20.43135866890922

Radial Distortion:
k1 = -0.001747832065129827 +/- 0.0019507621653587946
k2 = 0.03141652124773339 +/- 0.01518491753491895
k3 = -0.03193943841842666 +/- 0.03687881659596775
k4 = 0.0 +/- 0.0
k5 = 0.0 +/- 0.0
k6 = 0.0 +/- 0.0

Tangential Distortion
p1 = 0.0017724269005420297 /- 0.003869369662586083
p2 = -0.00940239136039015 /- 0.006334474694687233

Thin Prism Distortion:
s1 = 0.009448521614078022 +/- 0.006373242274708504
s2 = -0.0011704075883047227 +/- 0.0013628745716268579
s3 = -0.0018366562041672628 +/- 0.0039060814045513465
s4 = 0.0005286083455033158 +/- 0.0009975553307672107

