RMS reprojection error = 0.12291706111882342
sharpness = 1.6727560997009276

Camera Matrix:
fx = 2668.279892291869 +/- 0.7335408859231038
fy = 2668.329286990656 +/- 0.6973363026698535
cx = 1600.326307645175 +/- 22.12893921942452
cy = 1245.6241360140605 +/- 15.37515782873126

Radial Distortion:
k1 = -0.0018184805612096132 +/- 0.0012090738093608908
k2 = 0.030996477762566012 +/- 0.00939475280031459
k3 = -0.02882734976555844 +/- 0.022770025695350915
k4 = 0.0 +/- 0.0
k5 = 0.0 +/- 0.0
k6 = 0.0 +/- 0.0

Tangential Distortion
p1 = 0.0029132373153775014 /- 0.0029101022489589584
p2 = -0.007231283011332252 /- 0.004140799618144495

Thin Prism Distortion:
s1 = 0.007197284459268906 +/- 0.004167349832552728
s2 = -0.0006838639893013894 +/- 0.0009170730927954678
s3 = -0.0028316282110259967 +/- 0.0029352198324975576
s4 = 6.045630014842037e-05 +/- 0.000654068273419505

