RMS reprojection error = 0.13178932039241475
sharpness = 1.9111703991889955

Camera Matrix:
fx = 2667.5071874466535 +/- 0.44203123880760653
fy = 2667.750211413091 +/- 0.6742036689672356
cx = 1634.0786895721506 +/- 25.419490320615896
cy = 1215.1675678843046 +/- 29.27014346249741

Radial Distortion:
k1 = -0.0019408084248887898 +/- 0.0011747335002214563
k2 = 0.03193150213979609 +/- 0.008683811037189754
k3 = -0.034416882959946146 +/- 0.020123138331934777
k4 = 0.0 +/- 0.0
k5 = 0.0 +/- 0.0
k6 = 0.0 +/- 0.0

Tangential Distortion
p1 = -0.003000158399856067 /- 0.005520057151074091
p2 = -0.0007602494661763522 /- 0.0047635575657149955

Thin Prism Distortion:
s1 = 0.0009038367524987011 +/- 0.004816031282417464
s2 = -0.0002089604182258894 +/- 0.0009776529624582742
s3 = 0.003114689698395481 +/- 0.005551273764343584
s4 = -0.0006043388167487573 +/- 0.0007629459932490378

