RMS reprojection error = 0.14196123296520183
sharpness = 2.232083386182785

Camera Matrix:
fx = 2668.6284600078056 +/- 0.9671781702644447
fy = 2668.659862247245 +/- 0.8598528253208396
cx = 1589.7518006696262 +/- 24.021050525351594
cy = 1243.161256103166 +/- 14.906861319420058

Radial Distortion:
k1 = -0.0008580236430173261 +/- 0.001422140898007358
k2 = 0.024659570689872574 +/- 0.011039822704760097
k3 = -0.01239697823933286 +/- 0.026861119954231998
k4 = 0.0 +/- 0.0
k5 = 0.0 +/- 0.0
k6 = 0.0 +/- 0.0

Tangential Distortion
p1 = 0.0023417676897361144 /- 0.00282301544349114
p2 = -0.009054836267509624 /- 0.004497858122797918

Thin Prism Distortion:
s1 = 0.008920902445475817 +/- 0.0045314948871929776
s2 = -0.000769729534422079 +/- 0.0010601924084874927
s3 = -0.0023433229951592216 +/- 0.0028502788644534428
s4 = 6.012624458709972e-05 +/- 0.000733928331305668

