RMS reprojection error = 0.16590319867560124
sharpness = 3.879954767227173

Camera Matrix:
fx = 2667.8808738845437 +/- 0.6830615911557596
fy = 2667.4687818263133 +/- 0.8185942719219477
cx = 1622.298479158349 +/- 36.71086750727575
cy = 1229.099753671401 +/- 31.20897048778519

Radial Distortion:
k1 = -0.0024638853014943684 +/- 0.0015331847629678596
k2 = 0.03589892186079508 +/- 0.011705711400842206
k3 = -0.044571687135004485 +/- 0.02775271488041599
k4 = 0.0 +/- 0.0
k5 = 0.0 +/- 0.0
k6 = 0.0 +/- 0.0

Tangential Distortion
p1 = -0.0003191318728987863 /- 0.005895971793467504
p2 = -0.0029023304775648746 /- 0.006873888755527395

Thin Prism Distortion:
s1 = 0.002888441442623577 +/- 0.00692551389827048
s2 = -0.0006507597104344508 +/- 0.001316626637141466
s3 = 0.0005924939496407595 +/- 0.005932784832178594
s4 = -0.0009368540378603086 +/- 0.0009307336934688329

