RMS reprojection error = 0.3477133668169737
sharpness = 15.763709783554077

Camera Matrix:
fx = 2668.32255344032 +/- 1.3879517082896546
fy = 2668.757359207005 +/- 2.08137268775411
cx = 1617.4842164625413 +/- 52.567926534180884
cy = 1191.7775667229446 +/- 64.73646594409854

Radial Distortion:
k1 = -0.0018685778763666133 +/- 0.00311933725554297
k2 = 0.03682677167409934 +/- 0.023820336679117145
k3 = -0.05583198871809345 +/- 0.055544828098385665
k4 = 0.0 +/- 0.0
k5 = 0.0 +/- 0.0
k6 = 0.0 +/- 0.0

Tangential Distortion
p1 = -0.0072849484348596035 /- 0.012170483606128633
p2 = -0.004189970160172861 /- 0.009900821976673187

Thin Prism Distortion:
s1 = 0.004130042333584864 +/- 0.009985036627882153
s2 = -0.0015192922273718635 +/- 0.0019612207660103125
s3 = 0.007301866863841276 +/- 0.012210208496428553
s4 = -0.00047886013347855086 +/- 0.001782985747459887

