RMS reprojection error = 0.14662239914800557
sharpness = 2.730002796649933

Camera Matrix:
fx = 2668.191051478283 +/- 0.6281066581009453
fy = 2668.778339523628 +/- 0.7820381137084549
cx = 1611.6476461197615 +/- 21.267089898429948
cy = 1265.5585934502915 +/- 21.35672383887151

Radial Distortion:
k1 = -0.0007142611977055918 +/- 0.0014291818174596194
k2 = 0.020892784501122842 +/- 0.011038747653108706
k3 = -0.002856321727643556 +/- 0.026638137800212874
k4 = 0.0 +/- 0.0
k5 = 0.0 +/- 0.0
k6 = 0.0 +/- 0.0

Tangential Distortion
p1 = 0.006668383035484354 /- 0.004035333010600091
p2 = -0.0051880095225521694 /- 0.0039725437974731485

Thin Prism Distortion:
s1 = 0.00526511559893127 +/- 0.003993802630213849
s2 = -5.218939781418212e-05 +/- 0.0010156750397618444
s3 = -0.006742660374478591 +/- 0.004063924379573297
s4 = 0.0007491601592375489 +/- 0.0008202915456598323

