RMS reprojection error = 0.17980352745170408
sharpness = 5.3381112813949585

Camera Matrix:
fx = 2667.9605628712966 +/- 0.956508269202399
fy = 2668.3220519843085 +/- 0.9727993692304117
cx = 1608.7823844012762 +/- 34.47795879759233
cy = 1237.891075088686 +/- 25.5668526418502

Radial Distortion:
k1 = -0.0016036536738344403 +/- 0.0017327411856232146
k2 = 0.03008532220236184 +/- 0.013315151331822985
k3 = -0.02612873302055454 +/- 0.032056629585610036
k4 = 0.0 +/- 0.0
k5 = 0.0 +/- 0.0
k6 = 0.0 +/- 0.0

Tangential Distortion
p1 = 0.0018018011826447047 /- 0.0048375667285512685
p2 = -0.005719458153907382 /- 0.006453487279920807

Thin Prism Distortion:
s1 = 0.005813830472068399 +/- 0.006498115396047454
s2 = -0.00020892362933037792 +/- 0.0014222735416772633
s3 = -0.0018426612368961232 +/- 0.0048761336041632415
s4 = 0.00019763628464184214 +/- 0.0009865450606312454

