RMS reprojection error = 0.476580145182611
sharpness = 16.872883892059328

Camera Matrix:
fx = 2669.0818583840846 +/- 1.7414599287819263
fy = 2670.4138775289616 +/- 2.6376181492248576
cx = 1651.4672143351872 +/- 64.35646865318539
cy = 1202.4032870974972 +/- 87.85657092591578

Radial Distortion:
k1 = -0.003614478283378908 +/- 0.004121918769638129
k2 = 0.044221132571469486 +/- 0.029402827521117628
k3 = -0.05331229166248791 +/- 0.06622752026318286
k4 = 0.0 +/- 0.0
k5 = 0.0 +/- 0.0
k6 = 0.0 +/- 0.0

Tangential Distortion
p1 = -0.005112434463458113 /- 0.016524739400402024
p2 = 0.002314964140746189 /- 0.012006984553370095

Thin Prism Distortion:
s1 = -0.0032082846019983206 +/- 0.012208690700903467
s2 = 0.0016356748132657119 +/- 0.003213638439900316
s3 = 0.005424539366179131 +/- 0.016660614672880977
s4 = -0.0007906593764600479 +/- 0.0026335376124012187

