RMS reprojection error = 0.11873838238633945
sharpness = 1.5626546382904052

Camera Matrix:
fx = 2668.2019468494495 +/- 0.7163302025117068
fy = 2668.207705632236 +/- 0.6811665393113395
cx = 1601.1800093678794 +/- 21.978078029101212
cy = 1239.8783505853446 +/- 14.719877360272328

Radial Distortion:
k1 = -0.0018477930546845014 +/- 0.0011617093561598437
k2 = 0.031101060754217896 +/- 0.008985416202225663
k3 = -0.028025648498637777 +/- 0.021732722042716212
k4 = 0.0 +/- 0.0
k5 = 0.0 +/- 0.0
k6 = 0.0 +/- 0.0

Tangential Distortion
p1 = 0.001808068551543278 /- 0.0027853724203913016
p2 = -0.0070631050636176685 /- 0.004112839403386731

Thin Prism Distortion:
s1 = 0.007124288214208062 +/- 0.004142941727625385
s2 = -0.0006798065514022197 +/- 0.0009166285157720382
s3 = -0.001686799903577757 +/- 0.0028106445697191995
s4 = -0.00037279894584586515 +/- 0.0006321629978609217

