RMS reprojection error = 0.14723428065844502
sharpness = 2.574907684326172

Camera Matrix:
fx = 2667.743631653169 +/- 0.6377213382046639
fy = 2667.6841243762783 +/- 0.7331569254780388
cx = 1619.9066690432373 +/- 30.450759092074147
cy = 1237.0821520167704 +/- 24.82576963804834

Radial Distortion:
k1 = -0.0023391466621535627 +/- 0.0013799514793981572
k2 = 0.034522895406017814 +/- 0.010548799919960963
k3 = -0.038342752168111886 +/- 0.02513864673827316
k4 = 0.0 +/- 0.0
k5 = 0.0 +/- 0.0
k6 = 0.0 +/- 0.0

Tangential Distortion
p1 = 0.0010836205616794096 /- 0.004694010546034627
p2 = -0.0034348016991168125 /- 0.005698791349133587

Thin Prism Distortion:
s1 = 0.0032619538157178185 +/- 0.005741218237887843
s2 = -0.000750860018139754 +/- 0.001177478117192629
s3 = -0.0010438460526542557 +/- 0.004728710596952896
s4 = 0.00040754555412039013 +/- 0.0008290642864500348

