RMS reprojection error = 0.13966019374162253
sharpness = 2.0747173607349394

Camera Matrix:
fx = 2668.85285122789 +/- 0.9413919166027004
fy = 2668.7239843155207 +/- 0.8331825026699617
cx = 1583.7709751154937 +/- 21.376207029596102
cy = 1255.9072683841619 +/- 14.635892023301176

Radial Distortion:
k1 = -0.0014795703516976577 +/- 0.001411478606670804
k2 = 0.030781388113488396 +/- 0.01109285038651442
k3 = -0.028439117996771495 +/- 0.027074470344222456
k4 = 0.0 +/- 0.0
k5 = 0.0 +/- 0.0
k6 = 0.0 +/- 0.0

Tangential Distortion
p1 = 0.004767887224835591 /- 0.002773271842378989
p2 = -0.010254247924683369 /- 0.004001389174148771

Thin Prism Distortion:
s1 = 0.010136155318139385 +/- 0.004021124308547078
s2 = -0.0005878226923669419 +/- 0.0009378534626855765
s3 = -0.00469044811871454 +/- 0.002797609597910141
s4 = 0.00045458611804988035 +/- 0.000716170154102471

