RMS reprojection error = 0.12979597349385857
sharpness = 1.7495588958263397

Camera Matrix:
fx = 2700.687759257175 +/- 0.5089870806298128
fy = 2700.6627550008566 +/- 0.6373944879621999
cx = 1639.9301758396082 +/- 1.7147034565418922
cy = 1229.547749746282 +/- 2.127838779393241

Radial Distortion:
k1 = 2.1042332385508966 +/- 0.7818641176003861
k2 = 14.723232529803823 +/- 1.6888243805193142
k3 = -66.23737260327837 +/- 0.10079255503411975
k4 = 2.119500731976755 +/- 0.7891036025738873
k5 = 12.3469512041796 +/- 1.8242782017916612
k6 = -60.34706338978321 +/- 0.40828196483162743

Tangential Distortion
p1 = 0.0017511039958729008 /- 0.0005892824707279237
p2 = 0.001976909054840265 /- 0.00045667494654118334

Thin Prism Distortion:
s1 = -0.0021713591473098105 +/- 0.0004945461423720793
s2 = 0.0005015868311908661 +/- 0.0007694358478001213
s3 = -0.002484676918268441 +/- 0.0005461695906625022
s4 = -0.001254214045565356 +/- 0.0006894508709850625

