RMS reprojection error = 0.12425576029273201
sharpness = 1.712970608472824

Camera Matrix:
fx = 2700.1609896005198 +/- 0.49661912852365087
fy = 2700.14461983365 +/- 0.6174484459349725
cx = 1639.2194209972147 +/- 1.6334640129633418
cy = 1228.9509461296534 +/- 2.0346964707735222

Radial Distortion:
k1 = 3.3248973795414947 +/- 0.9026435669174002
k2 = 19.722256292467435 +/- 2.5691873902515536
k3 = -28.76757108840971 +/- 0.11946234233916106
k4 = 3.337704985635048 +/- 0.9104402596155114
k5 = 17.417060859414168 +/- 2.7261229878828965
k6 = -25.98484417754924 +/- 0.5756903916294678

Tangential Distortion
p1 = 0.001623178276828438 /- 0.0005634271752838205
p2 = 0.0015944745459861463 /- 0.0004351975997110776

Thin Prism Distortion:
s1 = -0.0016648029692920892 +/- 0.00047256234864571787
s2 = 0.00047695383191983447 +/- 0.0007365887544725392
s3 = -0.0023300462494991662 +/- 0.000522668760211383
s4 = -0.0012631110904194364 +/- 0.0006602118040672197

