RMS reprojection error = 0.11520609009400168
sharpness = 1.5738709270954132

Camera Matrix:
fx = 2700.554402107874 +/- 0.4576334910767821
fy = 2700.768143524736 +/- 0.570440282034881
cx = 1639.5099530406774 +/- 1.514263169402276
cy = 1229.375689358866 +/- 1.8824149575594347

Radial Distortion:
k1 = 2.861192485535162 +/- 0.7838437477074169
k2 = 17.887979767726023 +/- 2.0355606853824177
k3 = -44.528599810560394 +/- 0.10897651332207864
k4 = 2.8762583606126415 +/- 0.7908068591520708
k5 = 15.535069697165827 +/- 2.1715734430558187
k6 = -40.45730698856416 +/- 0.47485705175428633

Tangential Distortion
p1 = 0.001796466824535913 /- 0.0005214465885035053
p2 = 0.0016631217315269526 /- 0.0004034722727515105

Thin Prism Distortion:
s1 = -0.0017402745714563466 +/- 0.0004381100015234596
s2 = 0.00045205888447811713 +/- 0.0006832540174313423
s3 = -0.002471845853014959 +/- 0.00048387841737958427
s4 = -0.0013397815348342886 +/- 0.0006123617401490944

