RMS reprojection error = 0.1182229761593513
sharpness = 1.6126806437969208

Camera Matrix:
fx = 2700.6024738971655 +/- 0.47717176924014726
fy = 2700.6833928124747 +/- 0.5915193036543189
cx = 1639.0496560872332 +/- 1.5546223051512968
cy = 1230.3112306418063 +/- 1.931551257322854

Radial Distortion:
k1 = 4.0805890743635995 +/- 0.9222353212075474
k2 = 21.628681571546053 +/- 2.7787102270128243
k3 = -17.031610166238607 +/- 0.1569062657939078
k4 = 4.097194311917081 +/- 0.9301272303715118
k5 = 19.250920140816504 +/- 2.937893679320749
k6 = -15.187722377971074 +/- 0.6517799835060418

Tangential Distortion
p1 = 0.0020898130678956186 /- 0.0005348925081122849
p2 = 0.001652432663712286 /- 0.00041390207355323556

Thin Prism Distortion:
s1 = -0.0017930571902063702 +/- 0.0004493122276755854
s2 = 0.0006179464686461877 +/- 0.0007007002897111764
s3 = -0.0026701253551717646 +/- 0.0004963932829784388
s4 = -0.0015374583299322833 +/- 0.0006283781603449198

