RMS reprojection error = 0.11410332287121241
sharpness = 1.5489268481731415

Camera Matrix:
fx = 2700.4729718514573 +/- 0.4546691823097172
fy = 2700.45594959266 +/- 0.5658702178559671
cx = 1639.3604711011576 +/- 1.4995374765611866
cy = 1230.4575528310359 +/- 1.8634580564500332

Radial Distortion:
k1 = 3.044829695943733 +/- 0.8093691732706917
k2 = 20.165726970386444 +/- 2.2571688187436383
k3 = -32.92505634470841 +/- 0.14168703261447693
k4 = 3.057656449959388 +/- 0.8163963974027408
k5 = 17.878740478426863 +/- 2.39623421476197
k6 = -29.963521212732058 +/- 0.54694405971926

Tangential Distortion
p1 = 0.002080889510053421 /- 0.0005160783949653398
p2 = 0.0017250402745640453 /- 0.0003991739222056237

Thin Prism Distortion:
s1 = -0.001863275997619925 +/- 0.0004335876985154291
s2 = 0.0007930217971262318 +/- 0.0006764441663755292
s3 = -0.002670622993795075 +/- 0.00047910751653771336
s4 = -0.0013186810443599792 +/- 0.0006065552670478251

