RMS reprojection error = 0.11351532475453545
sharpness = 1.5095768809318542

Camera Matrix:
fx = 2700.5291982144445 +/- 0.4506616106903123
fy = 2700.5993613765263 +/- 0.561719717882937
cx = 1639.3400927929874 +/- 1.49219718993367
cy = 1230.2560671447222 +/- 1.8555157894938785

Radial Distortion:
k1 = 2.8112284580026228 +/- 0.7770264792897154
k2 = 18.757013291056538 +/- 2.0647370458659933
k3 = -40.76024980081282 +/- 0.11992077552260984
k4 = 2.8243850274220628 +/- 0.7838634065041263
k5 = 16.451854919041278 +/- 2.1988747363110788
k6 = -37.092248928213266 +/- 0.4916413858605901

Tangential Distortion
p1 = 0.0020853546423221887 /- 0.0005138827600663336
p2 = 0.0016772049806280383 /- 0.0003973541232710758

Thin Prism Distortion:
s1 = -0.0017991620605111224 +/- 0.00043145431363832127
s2 = 0.000699714240625423 +/- 0.0006729599514661434
s3 = -0.002736783451371392 +/- 0.0004768672247457335
s4 = -0.0012227191167751416 +/- 0.0006034965844948676

