RMS reprojection error = 0.1567615830745257
sharpness = 2.139913260936737

Camera Matrix:
fx = 2700.6397634391783 +/- 0.6366981083101082
fy = 2700.875834478239 +/- 0.7875666197774082
cx = 1639.4943498185519 +/- 2.0741723855231347
cy = 1229.5097341522248 +/- 2.5715760648001718

Radial Distortion:
k1 = 4.625472152477431 +/- 1.2932061132790655
k2 = 23.09295582947115 +/- 4.089905517115497
k3 = -4.823025149105797 +/- 0.24407228771064132
k4 = 4.6413714419292065 +/- 1.3040651574079969
k5 = 20.713708874187528 +/- 4.312837951857472
k6 = -3.9739049373758415 +/- 0.9704397712738052

Tangential Distortion
p1 = 0.0020219008844107518 /- 0.0007115950749317764
p2 = 0.0019376271305106877 /- 0.0005516723999549947

Thin Prism Distortion:
s1 = -0.00235078927789011 +/- 0.0005973583367294914
s2 = 0.0009864812422076459 +/- 0.0009303905847283875
s3 = -0.0027763025524922013 +/- 0.0006596478294915019
s4 = -0.001003817703582753 +/- 0.000833074975678731

