RMS reprojection error = 0.16151403919981283
sharpness = 2.3123537838459014

Camera Matrix:
fx = 2700.9237830124484 +/- 0.6289666952656249
fy = 2701.2909471184 +/- 0.7901706593819378
cx = 1638.5246685098102 +/- 2.127379452554722
cy = 1227.4691760107569 +/- 2.6246895638308407

Radial Distortion:
k1 = 0.911611797102149 +/- 1.3212494922144609
k2 = 11.116154778086488 +/- 1.939917431218881
k3 = -95.18460181555868 +/- 17.28749679038188
k4 = 0.9283324263012982 +/- 1.3284120806337472
k5 = 8.727972142987769 +/- 1.9990009208207822
k6 = -86.93942770218385 +/- 16.066457615700084

Tangential Distortion
p1 = 0.0010832597262013537 /- 0.000728390097159969
p2 = 0.001749599783375855 /- 0.0005672041165336296

Thin Prism Distortion:
s1 = -0.002203816815948873 +/- 0.0006164247232559821
s2 = 0.0012240515255222799 +/- 0.0009667871631630533
s3 = -0.0017392638979520994 +/- 0.0006771831439262377
s4 = -0.0016465470992858518 +/- 0.000863593064657836

