RMS reprojection error = 0.166913067900988
sharpness = 2.39252347946167

Camera Matrix:
fx = 2700.7458545269437 +/- 0.6485091786364415
fy = 2700.8223494927483 +/- 0.8150928797672676
cx = 1639.9570305684622 +/- 2.2088044943256016
cy = 1227.889800257047 +/- 2.7204178839919053

Radial Distortion:
k1 = 0.9644921380039854 +/- 1.1925132336500297
k2 = 10.766401366906102 +/- 1.7440783434244271
k3 = -96.50583416773607 +/- 13.609289134803397
k4 = 0.9821094105566397 +/- 1.200051645760426
k5 = 8.360020307707417 +/- 1.8449292848236258
k6 = -88.12990099118248 +/- 12.662204555059871

Tangential Distortion
p1 = 0.0012880446999314781 /- 0.0007542297758206056
p2 = 0.0019752825058927427 /- 0.0005881114527038742

Thin Prism Distortion:
s1 = -0.002158605606965536 +/- 0.0006380869423464047
s2 = 0.001008025417604925 +/- 0.0009991887716704537
s3 = -0.0017986871864908048 +/- 0.0007007585807040558
s4 = -0.001326092283118281 +/- 0.000890590055023541

