RMS reprojection error = 0.14991015390943868
sharpness = 2.0467096149921415

Camera Matrix:
fx = 2700.1606891451897 +/- 0.6002930970845112
fy = 2700.5195306339483 +/- 0.7458763162049321
cx = 1640.8021124037516 +/- 1.985950784338322
cy = 1230.945467680919 +/- 2.4639115406314316

Radial Distortion:
k1 = 3.4647642825625184 +/- 1.1164656347164383
k2 = 21.188830576004822 +/- 3.2317478398897426
k3 = -23.595027139725982 +/- 0.20434149571310667
k4 = 3.476619077690411 +/- 1.1259879657615943
k5 = 18.902995385631492 +/- 3.423276309535121
k6 = -21.379181948121477 +/- 0.7823726646925144

Tangential Distortion
p1 = 0.0021580598082250493 /- 0.000681572746229801
p2 = 0.0020014798792567985 /- 0.000527965100750659

Thin Prism Distortion:
s1 = -0.0019796431174664625 +/- 0.0005714119514550158
s2 = 0.0006164618738825963 +/- 0.0008899319441481666
s3 = -0.0026801273407952913 +/- 0.0006314136675860873
s4 = -0.0008499051106553296 +/- 0.000795291402711752

