RMS reprojection error = 0.1480804724017408
sharpness = 1.9869931101799012

Camera Matrix:
fx = 2700.699557196125 +/- 0.6022739292625684
fy = 2700.5923161960636 +/- 0.7442689645243545
cx = 1641.301248822502 +/- 1.9583824383368211
cy = 1228.2931965804587 +/- 2.4173361652551457

Radial Distortion:
k1 = 4.786013489715709 +/- 1.218668644346753
k2 = 21.970829616332356 +/- 3.8329353809321405
k3 = -6.603214701140006 +/- 0.211314864553807
k4 = 4.804619114606221 +/- 1.2289950629158546
k5 = 19.54557293607801 +/- 4.043895467909918
k6 = -5.46233793909752 +/- 0.890703296301958

Tangential Distortion
p1 = 0.001572803162504152 /- 0.0006688218276124551
p2 = 0.00221230564243603 /- 0.0005202237114535009

Thin Prism Distortion:
s1 = -0.002115174576397143 +/- 0.0005647075110259294
s2 = 0.0008850276709866866 +/- 0.0008811653462893796
s3 = -0.0022591662144773547 +/- 0.0006215894409225697
s4 = -0.0013459396789361666 +/- 0.0007863854467288954

