RMS reprojection error = 0.11456878892010318
sharpness = 1.553089201450348

Camera Matrix:
fx = 2700.5526220198685 +/- 0.45850770402432195
fy = 2700.6415325245666 +/- 0.5700242099692874
cx = 1639.5823512632476 +/- 1.512066885292322
cy = 1230.8016226432621 +/- 1.8768716497903675

Radial Distortion:
k1 = 3.4315085307233972 +/- 0.8364361391238849
k2 = 19.611194778269535 +/- 2.339873547009821
k3 = -31.54142227719981 +/- 0.1359457556645906
k4 = 3.4466978285918577 +/- 0.843700331742917
k5 = 17.25366594655506 +/- 2.484323892326661
k6 = -28.534774191554206 +/- 0.5554741436195806

Tangential Distortion
p1 = 0.0022170356473273168 /- 0.0005194863077978451
p2 = 0.0017481454410448105 /- 0.0004022375035413342

Thin Prism Distortion:
s1 = -0.0018134422363028362 +/- 0.00043602901884964244
s2 = 0.0005643057896889708 +/- 0.0006793520402762973
s3 = -0.002805979141575022 +/- 0.0004817794911223675
s4 = -0.0013515382367809648 +/- 0.0006089396516584158

