RMS reprojection error = 0.15911392429100343
sharpness = 2.105208694934845

Camera Matrix:
fx = 2700.510333992952 +/- 0.6198948021637944
fy = 2700.132943978874 +/- 0.7775190197703936
cx = 1639.7617368361168 +/- 2.0495899471168118
cy = 1230.557637789368 +/- 2.561301224477763

Radial Distortion:
k1 = 1.584351118433769 +/- 0.9036315202004613
k2 = 16.247980303277917 +/- 1.9890175180895002
k3 = -64.70851899893213 +/- 0.09142701957873015
k4 = 1.5979729210813307 +/- 0.9121228677343057
k5 = 13.9797957629853 +/- 2.1466361321728886
k6 = -59.18421233015269 +/- 0.4324371267187035

Tangential Distortion
p1 = 0.002120659271522463 /- 0.0007109217315741975
p2 = 0.0018065051583958905 /- 0.0005475537049482409

Thin Prism Distortion:
s1 = -0.001861349412004672 +/- 0.0006000109446704134
s2 = 0.00041209987786291515 +/- 0.0009416068537943911
s3 = -0.002793907942146135 +/- 0.0006625148750598273
s4 = -0.0010702502869065014 +/- 0.0008442508968566147

