RMS reprojection error = 0.5359686003140199
sharpness = 2.4791239738464355

Camera Matrix:
fx = 2700.236176683673 +/- 2.1516822029695466
fy = 2700.5180535367713 +/- 2.6691098120267416
cx = 1639.8367606011982 +/- 7.063547154478917
cy = 1229.961103139875 +/- 8.743054972115129

Radial Distortion:
k1 = 3.3039285736927 +/- 4.111421873029695
k2 = 26.356286943027875 +/- 12.750370363039428
k3 = -12.667372142059335 +/- 1.2910008170627114
k4 = 3.31374877146993 +/- 4.1457719187659645
k5 = 24.182533821077286 +/- 13.43665638777284
k6 = -11.94579298140201 +/- 3.5426184697006886

Tangential Distortion
p1 = 0.0018274949226131962 /- 0.002422381366152008
p2 = 0.0021856256727321045 /- 0.0018800423350428515

Thin Prism Distortion:
s1 = -0.002655752445406755 +/- 0.0020390295423935874
s2 = 0.001255828293918183 +/- 0.003180031579810345
s3 = -0.0022210523133260386 +/- 0.0022480923583688
s4 = -0.0007432207799975026 +/- 0.002843636054120297

