RMS reprojection error = 0.1289758770588655
sharpness = 1.7317721664905548

Camera Matrix:
fx = 2700.5028433510547 +/- 0.5194442811787898
fy = 2700.5738219917725 +/- 0.6441982187587182
cx = 1639.228247838925 +/- 1.6854650020630666
cy = 1229.9041311357264 +/- 2.099557857664391

Radial Distortion:
k1 = 3.922373414368501 +/- 0.9932535889655443
k2 = 22.07147304623142 +/- 3.0266537253910775
k3 = -14.4893618874417 +/- 0.15020457466760803
k4 = 3.9371665542492194 +/- 1.0017436455575774
k5 = 19.747866780858395 +/- 3.1984250591003303
k6 = -12.893705992013153 +/- 0.6868038570089594

Tangential Distortion
p1 = 0.0020875495603563158 /- 0.0005817220324339579
p2 = 0.0016903536423937167 /- 0.0004492058218740521

Thin Prism Distortion:
s1 = -0.0018261677989861085 +/- 0.0004890142223534522
s2 = 0.0006188197026930131 +/- 0.0007644364367708994
s3 = -0.002695939087359287 +/- 0.0005404091931405221
s4 = -0.0014233698115757398 +/- 0.00068504369451614

