RMS reprojection error = 0.11883817934649593
sharpness = 1.6406294405460358

Camera Matrix:
fx = 2700.436675838643 +/- 0.4745950921471879
fy = 2700.2660714807653 +/- 0.5900612967799895
cx = 1639.1526018042618 +/- 1.570620116108535
cy = 1229.6475010069 +/- 1.9522862381075738

Radial Distortion:
k1 = 3.193670628789523 +/- 0.8697352357780627
k2 = 21.04576578720128 +/- 2.5138095494097574
k3 = -26.028640996680622 +/- 0.15921037797848298
k4 = 3.2037990084386196 +/- 0.8771443369003011
k5 = 18.798809753104308 +/- 2.663280174555499
k6 = -23.6723973876932 +/- 0.6095470165542871

Tangential Distortion
p1 = 0.0018791411272815258 /- 0.0005403895288242326
p2 = 0.0016837608326436121 /- 0.00041792224541095695

Thin Prism Distortion:
s1 = -0.0018682489182182565 +/- 0.0004527006765434404
s2 = 0.0006494654796917001 +/- 0.0007047689003487784
s3 = -0.0025824352872324294 +/- 0.0005008030554385337
s4 = -0.0009551643866453218 +/- 0.0006319203644280576

