RMS reprojection error = 0.11898644129958143
sharpness = 1.6140467941761016

Camera Matrix:
fx = 2700.538990079061 +/- 0.4742084149073516
fy = 2700.6154529230857 +/- 0.5901978188960656
cx = 1639.475202310866 +/- 1.5711113939325478
cy = 1229.2358107767407 +/- 1.9520925515160392

Radial Distortion:
k1 = 3.0523004940576706 +/- 0.8440195920840391
k2 = 19.610145381824363 +/- 2.3154305718341286
k3 = -35.43784908236228 +/- 0.1457850121604207
k4 = 3.0651607042096747 +/- 0.8513496775842941
k5 = 17.303219180450114 +/- 2.4605372755918005
k6 = -32.22807555049682 +/- 0.5624002402526594

Tangential Distortion
p1 = 0.0018704071477189165 /- 0.0005404305634038473
p2 = 0.0017769796489556066 /- 0.0004182728658970886

Thin Prism Distortion:
s1 = -0.0019149233547872272 +/- 0.0004532062135564965
s2 = 0.0006688161132074482 +/- 0.0007058896642226324
s3 = -0.0026164959752153338 +/- 0.0005009365355897867
s4 = -0.0012967946508128758 +/- 0.0006323705544838869

