RMS reprojection error = 0.11496681783311079
sharpness = 1.5675969004631043

Camera Matrix:
fx = 2700.5619384391334 +/- 0.46203555824954207
fy = 2700.637122749811 +/- 0.5734045920848169
cx = 1639.3276492494722 +/- 1.5159107250555166
cy = 1229.8582839078692 +/- 1.883310235073926

Radial Distortion:
k1 = 3.701623848966854 +/- 0.8776053110451202
k2 = 21.813545021088913 +/- 2.6243138515517717
k3 = -18.885366484390495 +/- 0.15949011445740766
k4 = 3.714581938713409 +/- 0.8850660666827598
k5 = 19.510640088598986 +/- 2.775370206722377
k6 = -17.028143604590966 +/- 0.6278905931656997

Tangential Distortion
p1 = 0.001994107706988213 /- 0.0005214042505060338
p2 = 0.0016989033137250135 /- 0.00040346488916715833

Thin Prism Distortion:
s1 = -0.0018485334323818 +/- 0.000437506907659111
s2 = 0.0007190976107476852 +/- 0.0006819125463668434
s3 = -0.0026988497728833412 +/- 0.0004835429467828918
s4 = -0.0011389468057010166 +/- 0.0006111229936430686

