RMS reprojection error = 0.12026196075683386
sharpness = 1.651004695892334

Camera Matrix:
fx = 2700.476927328434 +/- 0.4749764498271068
fy = 2700.543176139342 +/- 0.5930592847128159
cx = 1639.891376266711 +/- 1.5835943690621919
cy = 1229.6996721524893 +/- 1.968526712168872

Radial Distortion:
k1 = 2.4823578655874683 +/- 0.7842311069152029
k2 = 17.25746846229307 +/- 1.952098872746039
k3 = -49.65963269551281 +/- 0.10618199034087156
k4 = 2.4952209443119457 +/- 0.7912381773616995
k5 = 14.94890016967983 +/- 2.0880710786286176
k6 = -45.223116871630275 +/- 0.4578698473316245

Tangential Distortion
p1 = 0.001938659901921899 /- 0.0005450754677884134
p2 = 0.0018940661878120593 /- 0.000421673979643282

Thin Prism Distortion:
s1 = -0.002008593046706485 +/- 0.0004575442826393734
s2 = 0.0008285437184750164 +/- 0.0007133909660169714
s3 = -0.002605143384064975 +/- 0.0005056112483450881
s4 = -0.0011117541936038532 +/- 0.0006389529793820476

