RMS reprojection error = 0.1134328866015014
sharpness = 1.5329924941062927

Camera Matrix:
fx = 2700.5470662330713 +/- 0.4524908821267115
fy = 2700.7118927992283 +/- 0.5630609759478213
cx = 1639.428964330507 +/- 1.4922050181189053
cy = 1230.067335931045 +/- 1.855316265664953

Radial Distortion:
k1 = 3.149752620958584 +/- 0.8102336732844793
k2 = 19.80186310818445 +/- 2.259705647178078
k3 = -32.5483956787494 +/- 0.12878460535962777
k4 = 3.162841068500814 +/- 0.8172683896506704
k5 = 17.49652134188474 +/- 2.399628524493307
k6 = -29.54328345149416 +/- 0.5339893586218166

Tangential Distortion
p1 = 0.0020204039886648558 /- 0.0005137608858092629
p2 = 0.001707831573769212 /- 0.00039731477941159273

Thin Prism Distortion:
s1 = -0.001840510364839952 +/- 0.0004312924626222855
s2 = 0.0007379538373278223 +/- 0.0006727328706317745
s3 = -0.0026706314417894238 +/- 0.00047667124845646674
s4 = -0.0012147654307256047 +/- 0.0006029787453363546

