RMS reprojection error = 0.11348434226532098
sharpness = 1.5367731511592866

Camera Matrix:
fx = 2700.485547419609 +/- 0.4559807269624151
fy = 2700.5477619581143 +/- 0.565972197957576
cx = 1639.2345270524781 +/- 1.4936018309579135
cy = 1230.022973595622 +/- 1.8575592629398727

Radial Distortion:
k1 = 3.726510251723904 +/- 0.8620930522737019
k2 = 21.254593690326164 +/- 2.56128345979854
k3 = -19.935527122868617 +/- 0.13879043788051612
k4 = 3.7400754570976935 +/- 0.8694550701307121
k5 = 18.936016266284465 +/- 2.7103035665438826
k6 = -17.9139984653801 +/- 0.5952464751869015

Tangential Distortion
p1 = 0.0020030946810490635 /- 0.0005143241899467745
p2 = 0.0016867188663062596 /- 0.00039765380408682375

Thin Prism Distortion:
s1 = -0.0018519177163142527 +/- 0.00043151737772823223
s2 = 0.0007153109566979492 +/- 0.0006728707499074802
s3 = -0.0026620713081884177 +/- 0.00047708302172538787
s4 = -0.0013071985555827331 +/- 0.0006031735491402035

