RMS reprojection error = 0.14259207159756176
sharpness = 1.9501437306404115

Camera Matrix:
fx = 2700.4678740026425 +/- 0.572487135761713
fy = 2699.9461592548973 +/- 0.7105798107272773
cx = 1638.5932798742626 +/- 1.873085074846511
cy = 1229.5469594207416 +/- 2.332064256838048

Radial Distortion:
k1 = 3.782671636940745 +/- 1.0728324542575776
k2 = 19.526710654732774 +/- 3.1677179940742595
k3 = -21.544208903550853 +/- 0.11626231483536714
k4 = 3.7966387120219167 +/- 1.082047104169955
k5 = 17.19168940185607 +/- 3.3558649409448695
k6 = -19.17012652745292 +/- 0.6691368054901233

Tangential Distortion
p1 = 0.0018264149062560036 /- 0.0006453729704310364
p2 = 0.0017521396589101617 /- 0.0004984533842382252

Thin Prism Distortion:
s1 = -0.002082528597582828 +/- 0.0005418991930499945
s2 = 0.0008874720115011691 +/- 0.000844834818592719
s3 = -0.0025002451619223136 +/- 0.0005993204951706134
s4 = -0.0006353389466109085 +/- 0.000758421648710742

