RMS reprojection error = 0.13623982785996783
sharpness = 1.8529015123844146

Camera Matrix:
fx = 2700.0908203849576 +/- 0.5473812107784385
fy = 2700.113485098017 +/- 0.6793922283829068
cx = 1637.7224212721535 +/- 1.7992965970058017
cy = 1230.3595719328423 +/- 2.2495703697253284

Radial Distortion:
k1 = 3.8460975543632587 +/- 1.057422092608112
k2 = 21.4463866060106 +/- 3.2384422959839143
k3 = -11.918289407410098 +/- 0.1343285088780624
k4 = 3.8551796604516912 +/- 1.0662736909726118
k5 = 19.19110552418024 +/- 3.4225216403660292
k6 = -10.486050355588976 +/- 0.7051073611757527

Tangential Distortion
p1 = 0.002216967588118447 /- 0.0006222407477978861
p2 = 0.001427408500357949 /- 0.00047896834156246947

Thin Prism Distortion:
s1 = -0.0017260489439983495 +/- 0.0005183756415490033
s2 = 0.000699316650267314 +/- 0.0008061443420914908
s3 = -0.0028499353393293615 +/- 0.0005757207472901858
s4 = -0.0008752507447491544 +/- 0.0007244386438690788

