RMS reprojection error = 0.1356980918985909
sharpness = 1.8186089456081391

Camera Matrix:
fx = 2700.368822936871 +/- 0.543386088923447
fy = 2700.530936598319 +/- 0.6749507881547208
cx = 1639.673193947356 +/- 1.7852355546791212
cy = 1229.1374193592587 +/- 2.220545730369171

Radial Distortion:
k1 = 3.4007026370083295 +/- 1.0125460439433884
k2 = 21.863517712801833 +/- 3.021650859958883
k3 = -19.440771150102265 +/- 0.17370562593875663
k4 = 3.410870953130088 +/- 1.021134921424002
k5 = 19.624803615976237 +/- 3.196185625606812
k6 = -17.609189635907388 +/- 0.712854319722538

Tangential Distortion
p1 = 0.0016562745557456614 /- 0.0006149741687516558
p2 = 0.0017720242096010016 /- 0.00047545397209534295

Thin Prism Distortion:
s1 = -0.001778335611908359 +/- 0.0005162109477896056
s2 = 0.0006256240916300463 +/- 0.0008054311689254644
s3 = -0.0023550504577131014 +/- 0.0005705323409577046
s4 = -0.0009051856223447094 +/- 0.0007209740777282447

