RMS reprojection error = 0.121707304365987
sharpness = 1.6398248076438904

Camera Matrix:
fx = 2700.686316678991 +/- 0.497168840670779
fy = 2700.8711920888372 +/- 0.6138222072370064
cx = 1639.9418043588098 +/- 1.6079914126925725
cy = 1229.271548564362 +/- 1.9943353174972016

Radial Distortion:
k1 = 5.159772871968982 +/- 1.0434687455455165
k2 = 24.04603273428051 +/- 3.411718234764945
k3 = 5.014733081402726 +/- 0.19017907633816342
k4 = 5.177203681702981 +/- 1.0521883344673626
k5 = 21.633444276204095 +/- 3.591842853960235
k6 = 5.150215280566256 +/- 0.7939542916155593

Tangential Distortion
p1 = 0.0017952790317908444 /- 0.0005520675265033041
p2 = 0.0017153950857793283 /- 0.0004279161403633276

Thin Prism Distortion:
s1 = -0.001722718904951775 +/- 0.00046366859773190925
s2 = 0.0003224222517963389 +/- 0.000722556500974948
s3 = -0.002499538576520606 +/- 0.0005118465956841031
s4 = -0.001168181622258064 +/- 0.0006464667405965454

