RMS reprojection error = 0.16691230453658884
sharpness = 2.2781278789043427

Camera Matrix:
fx = 2700.443506369194 +/- 0.6725019537876936
fy = 2700.2008241529707 +/- 0.8336931478107316
cx = 1637.8632287418905 +/- 2.1874096727016537
cy = 1228.0970552954407 +/- 2.7336792998416315

Radial Distortion:
k1 = 3.9478550217823734 +/- 1.3056698685550923
k2 = 22.286414958499638 +/- 4.076463851311165
k3 = -9.539084562458504 +/- 0.1770500968972268
k4 = 3.959104048595685 +/- 1.316653739426192
k5 = 20.013124171729253 +/- 4.303387113096476
k6 = -8.332015569407332 +/- 0.8965689369720201

Tangential Distortion
p1 = 0.0014803645777092449 /- 0.0007574104936931607
p2 = 0.0013982150135687058 /- 0.0005835221827150581

Thin Prism Distortion:
s1 = -0.0015700573094252967 +/- 0.0006340133052832777
s2 = -0.00032238851457159524 +/- 0.000988525665278497
s3 = -0.0022449997541612345 +/- 0.0007023156360937437
s4 = -0.0011347144324342793 +/- 0.0008875025622038354

