RMS reprojection error = 0.14224551629846485
sharpness = 1.9697397232055665

Camera Matrix:
fx = 2700.6829335820557 +/- 0.5725122654937632
fy = 2700.5992037770675 +/- 0.7103985190643676
cx = 1639.9175061217961 +/- 1.882631404548285
cy = 1230.0868859957818 +/- 2.3311894434065525

Radial Distortion:
k1 = 3.913209317401335 +/- 1.0759614105028246
k2 = 19.089777680399116 +/- 3.065603972878936
k3 = -28.323918589876133 +/- 0.15887713983049181
k4 = 3.9315671391307174 +/- 1.0853005968461142
k5 = 16.660076267903598 +/- 3.252466105700365
k6 = -25.39502069400827 +/- 0.7052761503254519

Tangential Distortion
p1 = 0.0019339999115730153 /- 0.0006447692575066821
p2 = 0.0019001968209117958 /- 0.0005002238107598458

Thin Prism Distortion:
s1 = -0.001992600398093796 +/- 0.0005421952002322521
s2 = 0.0004057928527679062 +/- 0.0008439835515589672
s3 = -0.0023577840263065597 +/- 0.0005983652245163062
s4 = -0.0013824804148994637 +/- 0.0007560750091866067

