RMS reprojection error = 0.14808374094573562
sharpness = 2.119330531358719

Camera Matrix:
fx = 2700.5722144593715 +/- 0.5686679597943699
fy = 2700.492110145768 +/- 0.7175559983032748
cx = 1639.4745242820932 +/- 1.9332235805668696
cy = 1228.7590236624842 +/- 2.4097546153173717

Radial Distortion:
k1 = 0.9399596088862305 +/- 0.7303718142908099
k2 = 12.494496853609256 +/- 1.256497622135653
k3 = -87.36670833725933 +/- 0.0776953764008964
k4 = 0.9534084580094623 +/- 0.7376070324432573
k5 = 10.182449507651572 +/- 1.3832944920760062
k6 = -79.88505326728074 +/- 0.2744872319556392

Tangential Distortion
p1 = 0.0016863338485270324 /- 0.000668254153674584
p2 = 0.0017364613831577832 /- 0.0005158536913231071

Thin Prism Distortion:
s1 = -0.0017963329939839228 +/- 0.000560912254701316
s2 = -1.3294101191418209e-05 +/- 0.0008733014380509949
s3 = -0.0023937791369072867 +/- 0.000620660690448123
s4 = -0.001817756624736457 +/- 0.0007839154804960433

