RMS reprojection error = 0.12589180012700163
sharpness = 1.7251211166381837

Camera Matrix:
fx = 2700.3904609040287 +/- 0.5087200093765886
fy = 2700.2693339908387 +/- 0.6301044879779845
cx = 1639.5297525727856 +/- 1.6585928593302817
cy = 1229.9397323936626 +/- 2.0607768710153

Radial Distortion:
k1 = 4.269813671957436 +/- 1.0010660030298442
k2 = 21.89957836833617 +/- 3.1072487881035804
k3 = -9.604700205369134 +/- 0.1517849595224774
k4 = 4.284192280361238 +/- 1.0095271620387112
k5 = 19.560005598208182 +/- 3.28084737940788
k6 = -8.313650872410381 +/- 0.7020404193245412

Tangential Distortion
p1 = 0.0019733147968103073 /- 0.0005703633985366187
p2 = 0.0017770966693917776 /- 0.0004412088800005324

Thin Prism Distortion:
s1 = -0.0019147177406244162 +/- 0.00047890189067332616
s2 = 0.000350724309991805 +/- 0.0007466163747739694
s3 = -0.0025585521957011237 +/- 0.0005293028344041814
s4 = -0.0012558594154600444 +/- 0.0006690413179320982

