RMS reprojection error = 0.15348552098197868
sharpness = 2.0731680631637572

Camera Matrix:
fx = 2700.843520814801 +/- 0.6241730580221244
fy = 2700.5027456489584 +/- 0.7715258959960396
cx = 1638.240597791471 +/- 2.0206691005455015
cy = 1228.409805257931 +/- 2.5128593095180394

Radial Distortion:
k1 = 4.8536363766474295 +/- 1.2721682896738076
k2 = 21.74834147132124 +/- 4.074335546834778
k3 = -2.567116184265269 +/- 0.16704700627525176
k4 = 4.8704985842581 +/- 1.2828828927264178
k5 = 19.345700793875746 +/- 4.296212157827883
k6 = -1.6381830221777098 +/- 0.8828983798971483

Tangential Distortion
p1 = 0.001793054405595547 /- 0.0006952719241991925
p2 = 0.001808349525192671 /- 0.0005375547983678263

Thin Prism Distortion:
s1 = -0.0021364906155588352 +/- 0.0005838338437804635
s2 = 0.000759020473891058 +/- 0.0009098672946055036
s3 = -0.002479093611839231 +/- 0.0006455726023512191
s4 = -0.0014387398028991203 +/- 0.0008167488981501835

