RMS reprojection error = 0.11384102144735261
sharpness = 1.5065595149993896

Camera Matrix:
fx = 2700.467686253542 +/- 0.45649503820627785
fy = 2700.5675284019417 +/- 0.567012169566675
cx = 1639.3961825205945 +/- 1.497648918161674
cy = 1230.2893749140092 +/- 1.8618003367476013

Radial Distortion:
k1 = 3.5502491309879396 +/- 0.8499190165673496
k2 = 21.028915304465514 +/- 2.482664760092105
k3 = -23.562126943580605 +/- 0.14217161081907193
k4 = 3.5638701974708815 +/- 0.8572133944081577
k5 = 18.714550688384854 +/- 2.629262143163532
k6 = -21.28389292555294 +/- 0.5856568041197692

Tangential Distortion
p1 = 0.0020613898895200655 /- 0.000515554135950247
p2 = 0.001674584152664538 /- 0.0003987393757533697

Thin Prism Distortion:
s1 = -0.0017842398715868762 +/- 0.0004327938757989584
s2 = 0.0006745557385241488 +/- 0.0006749980869421529
s3 = -0.002716931282065407 +/- 0.0004783040138173001
s4 = -0.0011390933030163031 +/- 0.0006049687097716267

