RMS reprojection error = 0.12002228780233153
sharpness = 1.651515793800354

Camera Matrix:
fx = 2700.781762195193 +/- 0.4787750165324586
fy = 2700.582148080572 +/- 0.5957396074786411
cx = 1638.919332458684 +/- 1.579793773764704
cy = 1230.1601936347183 +/- 1.9629779160242051

Radial Distortion:
k1 = 3.1438389354641423 +/- 0.8538253066519269
k2 = 19.38119071451871 +/- 2.3533453879104815
k3 = -35.05251832739409 +/- 0.13759578399080427
k4 = 3.1578027115489014 +/- 0.86126964316071
k5 = 17.053446820182312 +/- 2.500883956393206
k6 = -31.814030488079563 +/- 0.5605549093074055

Tangential Distortion
p1 = 0.002058508035932434 /- 0.0005436457162577539
p2 = 0.001722198384454375 /- 0.0004205826447289978

Thin Prism Distortion:
s1 = -0.0020091838880905806 +/- 0.0004563973410284472
s2 = 0.000657834061991184 +/- 0.000711583345375756
s3 = -0.002646866953710127 +/- 0.0005043829222868515
s4 = -0.0012231776128962602 +/- 0.0006385648309656306

