RMS reprojection error = 0.1385823243058363
sharpness = 1.8499755620956422

Camera Matrix:
fx = 2700.444400713809 +/- 0.5542423120726601
fy = 2700.3826696122674 +/- 0.6886902754225184
cx = 1639.266713110669 +/- 1.8252815406098726
cy = 1229.2648465673701 +/- 2.2712808756107696

Radial Distortion:
k1 = 3.3406075695948902 +/- 1.0288901702301727
k2 = 21.457710179908535 +/- 3.0612305401811875
k3 = -20.324679720537247 +/- 0.1678088365467229
k4 = 3.350043863116353 +/- 1.0376056742361972
k5 = 19.230847866640392 +/- 3.2389910702357456
k6 = -18.39862029480852 +/- 0.7135052571047752

Tangential Distortion
p1 = 0.001877360267000023 /- 0.000628715722002954
p2 = 0.001721550453955463 /- 0.00048574514948984123

Thin Prism Distortion:
s1 = -0.001916800703285358 +/- 0.0005272218820584741
s2 = 0.000890484461872915 +/- 0.0008221546518027589
s3 = -0.0026358167502824117 +/- 0.00058329076636195
s4 = -0.0011364241041861272 +/- 0.0007369593093913582

