RMS reprojection error = 0.1633057708295395
sharpness = 2.2992727041244505

Camera Matrix:
fx = 2700.357950821391 +/- 0.6528008535612877
fy = 2700.6711683872445 +/- 0.8112752738539648
cx = 1639.4398197979124 +/- 2.151843122223732
cy = 1229.1594886402786 +/- 2.6827878654970974

Radial Distortion:
k1 = 3.368968489900276 +/- 1.218479292262131
k2 = 21.51931176704868 +/- 3.6805895879912103
k3 = -16.1928850730903 +/- 0.1702250548630881
k4 = 3.376146330729304 +/- 1.228716280647893
k5 = 19.331774534992253 +/- 3.8920544996174504
k6 = -14.571059900014719 +/- 0.8222096955536357

Tangential Distortion
p1 = 0.0018841810759348669 /- 0.0007421729475234989
p2 = 0.0018410187446090572 /- 0.0005725026747962349

Thin Prism Distortion:
s1 = -0.0020724670065752444 +/- 0.0006213644758887116
s2 = 0.0007200002062355764 +/- 0.0009690238347584566
s3 = -0.002519567500780856 +/- 0.0006882536900779293
s4 = -0.0009916498752171466 +/- 0.0008680711400807884

