RMS reprojection error = 0.13917585011486605
sharpness = 1.897298139333725

Camera Matrix:
fx = 2700.8138487007186 +/- 0.5676213301043697
fy = 2701.1597572721666 +/- 0.7012216732156911
cx = 1639.372459380591 +/- 1.835880695050877
cy = 1228.5175256527848 +/- 2.2830863948850224

Radial Distortion:
k1 = 5.076695988252451 +/- 1.1848991996918001
k2 = 23.4114115474349 +/- 3.885732068359826
k3 = 5.724451996132412 +/- 0.18031103143265523
k4 = 5.091763761433838 +/- 1.1947645070089732
k5 = 21.02763768383375 +/- 4.091805228745622
k6 = 5.878040478305379 +/- 0.8672594289924073

Tangential Distortion
p1 = 0.0015292253491847308 /- 0.0006321650363794234
p2 = 0.001713819842367422 /- 0.0004890095306259543

Thin Prism Distortion:
s1 = -0.0019328242284045337 +/- 0.0005300091501010562
s2 = 0.0007872633808929463 +/- 0.0008264582474645111
s3 = -0.002225755451831004 +/- 0.0005858458259131145
s4 = -0.0011687697023061883 +/- 0.0007398982611341821

