RMS reprojection error = 0.11889678088742911
sharpness = 1.6327081441879272

Camera Matrix:
fx = 2700.587530162933 +/- 0.47772172802885154
fy = 2700.9000125112584 +/- 0.5930173610109855
cx = 1639.9324807950852 +/- 1.5661203709002025
cy = 1230.646161004113 +/- 1.9431902117575712

Radial Distortion:
k1 = 3.6885284906255627 +/- 0.901055223410219
k2 = 21.645757933039746 +/- 2.6641476788647083
k3 = -20.955528907622206 +/- 0.16894817302865958
k4 = 3.7027743881346646 +/- 0.908765022453822
k5 = 19.322663449471314 +/- 2.8189782849194653
k6 = -18.926321260408656 +/- 0.6450234484225177

Tangential Distortion
p1 = 0.002140560624733639 /- 0.0005380160653957017
p2 = 0.0018376269470731545 /- 0.00041672013925996655

Thin Prism Distortion:
s1 = -0.002000410199382424 +/- 0.00045220154941888154
s2 = 0.0007816934884117864 +/- 0.0007055292509822079
s3 = -0.0027415027773102225 +/- 0.000499263151395592
s4 = -0.0012201246449251716 +/- 0.0006317264242505484

