RMS reprojection error = 0.16421811795321836
sharpness = 2.4326082110404967

Camera Matrix:
fx = 2700.6547634346525 +/- 0.6266411167473607
fy = 2700.492157413401 +/- 0.792340381696029
cx = 1638.2450483162847 +/- 2.1418500091560793
cy = 1228.8473226609465 +/- 2.673144021117782

Radial Distortion:
k1 = 0.29679280793697843 +/- 0.602057206131163
k2 = 11.294840442249221 +/- 3.313165270820468
k3 = -96.37314051506328 +/- 14.265807780513954
k4 = 0.3072719760691088 +/- 0.6078336859063286
k5 = 9.048347247213396 +/- 3.4585374081288465
k6 = -88.20897431330305 +/- 12.837823514155653

Tangential Distortion
p1 = 0.001712986400646188 /- 0.0007410868721542443
p2 = 0.0016623149567561108 /- 0.0005720724135471298

Thin Prism Distortion:
s1 = -0.002162743190421161 +/- 0.000623694617505079
s2 = 0.001977638010504572 +/- 0.0009792901391724373
s3 = -0.0023588111526974703 +/- 0.0006886590291405985
s4 = -0.0007770818312964529 +/- 0.0008761725923597829

