RMS reprojection error = 0.16624986680254916
sharpness = 2.406467634439468

Camera Matrix:
fx = 2700.590158356103 +/- 0.6594677276469033
fy = 2701.071199772111 +/- 0.8224118575001915
cx = 1640.0783548737727 +/- 2.1689260278806612
cy = 1230.205846933047 +/- 2.7001002116423636

Radial Distortion:
k1 = 2.8419190809731516 +/- 1.116221626089033
k2 = 17.34529406187242 +/- 2.9251636517047643
k3 = -42.90714278933386 +/- 0.10860787543527038
k4 = 2.8568481660784553 +/- 1.1261980184948175
k5 = 15.011481782207163 +/- 3.122082432585714
k6 = -38.872646551054444 +/- 0.6123004555162487

Tangential Distortion
p1 = 0.0020985014788673663 /- 0.0007478931312138653
p2 = 0.0016937640932155062 /- 0.0005776943347893257

Thin Prism Distortion:
s1 = -0.0015711675791800078 +/- 0.0006302110026897764
s2 = -0.0003668060504447601 +/- 0.0009859969881617521
s3 = -0.002661688616667604 +/- 0.0006958086339811822
s4 = -0.0013811326748515583 +/- 0.0008836086748304971

