RMS reprojection error = 0.13455369516064222
sharpness = 1.813129222393036

Camera Matrix:
fx = 2700.7323050208624 +/- 0.5130375377331158
fy = 2700.872433642034 +/- 0.6486072173749208
cx = 1640.1322706210326 +/- 1.7570607563556881
cy = 1229.0247667968647 +/- 2.1918517196105194

Radial Distortion:
k1 = 0.1601741704699847 +/- 0.6654136185795376
k2 = 11.784107022754599 +/- 3.9367207691925854
k3 = -95.28630442922906 +/- 20.696764582342535
k4 = 0.16893381497816684 +/- 0.6673882015737256
k5 = 9.58001344620926 +/- 4.045900432066499
k6 = -87.29672464567487 +/- 18.78857029607427

Tangential Distortion
p1 = 0.0016898907383460415 /- 0.0006076017718628383
p2 = 0.0018844476474405734 /- 0.000469067246954

Thin Prism Distortion:
s1 = -0.001908448863625422 +/- 0.0005113763040167348
s2 = 0.0008564613106792709 +/- 0.0008036464580274168
s3 = -0.0022786959166746106 +/- 0.0005645246951142718
s4 = -0.0011756540193796554 +/- 0.0007169404659597902

