RMS reprojection error = 0.11573844618671078
sharpness = 1.5829654574394225

Camera Matrix:
fx = 2700.590936223698 +/- 0.4547242994303308
fy = 2700.706634085208 +/- 0.5688795129260812
cx = 1639.2838610195474 +/- 1.520097220323773
cy = 1229.8062366006116 +/- 1.8905289495384598

Radial Distortion:
k1 = 2.139715457120716 +/- 0.7213031104714928
k2 = 16.681456444537915 +/- 1.7178314116319706
k3 = -55.94493566635067 +/- 0.1024805325076063
k4 = 2.1522655042969054 +/- 0.7278282120124275
k5 = 14.389896672020472 +/- 1.8423625513081079
k6 = -51.046199769559514 +/- 0.414168038375115

Tangential Distortion
p1 = 0.0019366519464327596 /- 0.0005236443819986429
p2 = 0.0016027761497430686 /- 0.0004048466051757825

Thin Prism Distortion:
s1 = -0.0016945913348147283 +/- 0.00043986755963289323
s2 = 0.0005921174662502466 +/- 0.0006859015204031841
s3 = -0.0025780610149622597 +/- 0.00048616316166963955
s4 = -0.001182880959646298 +/- 0.0006155641958647688

