RMS reprojection error = 0.1273724026519669
sharpness = 1.7560518324375152

Camera Matrix:
fx = 2700.2983917137126 +/- 0.5110389415828887
fy = 2700.464284301074 +/- 0.6344619369888013
cx = 1640.383576771801 +/- 1.6791114385675778
cy = 1229.7013043312077 +/- 2.086270697971284

Radial Distortion:
k1 = 3.599980711627159 +/- 0.9573073065090061
k2 = 21.30968301037233 +/- 2.8125289672892575
k3 = -21.34777419747497 +/- 0.15966318318963205
k4 = 3.6128026315119763 +/- 0.965487512875725
k5 = 19.006871319441238 +/- 2.9775237927650884
k6 = -19.25966345106444 +/- 0.6616424386829057

Tangential Distortion
p1 = 0.0019280470733339414 /- 0.0005776256989651202
p2 = 0.0019585893008690863 /- 0.0004470395813538038

Thin Prism Distortion:
s1 = -0.00200607511056561 +/- 0.0004847876211843909
s2 = 0.00048646713602776374 +/- 0.0007561824066149252
s3 = -0.002576418964328695 +/- 0.0005355393107098549
s4 = -0.0010083529699308252 +/- 0.0006759800594307048

