RMS reprojection error = 0.11608830541159625
sharpness = 1.5990573525428773

Camera Matrix:
fx = 2700.5272260341817 +/- 0.46412151067458707
fy = 2700.63806229601 +/- 0.5773500083048291
cx = 1638.9130282934332 +/- 1.5303314767865561
cy = 1230.0658914307787 +/- 1.901425918479605

Radial Distortion:
k1 = 3.3797910128756787 +/- 0.8356276566579954
k2 = 18.424680379569804 +/- 2.288825173039798
k3 = -35.92171318059451 +/- 0.11280539585615153
k4 = 3.3959056539204817 +/- 0.8429470335145591
k5 = 16.0403136316934 +/- 2.4343674971860954
k6 = -32.448511181703424 +/- 0.521448227749121

Tangential Distortion
p1 = 0.001979461000493359 /- 0.0005263106418069846
p2 = 0.0015762603013730117 /- 0.00040730424961407766

Thin Prism Distortion:
s1 = -0.0017531144681340693 +/- 0.0004417677025926122
s2 = 0.0006940689302405708 +/- 0.0006879424448539991
s3 = -0.002635039975539704 +/- 0.0004882215787906999
s4 = -0.001155929381711924 +/- 0.0006174208309959606

