RMS reprojection error = 0.1174819452956281
sharpness = 1.6241194486618042

Camera Matrix:
fx = 2700.5887500556128 +/- 0.47702504932402245
fy = 2700.9499402958095 +/- 0.5901517978893562
cx = 1639.520769484021 +/- 1.5440156979685191
cy = 1229.1525274041437 +/- 1.9174550432953448

Radial Distortion:
k1 = 4.649998831920103 +/- 0.9609102336194018
k2 = 22.55420744977883 +/- 3.051098260430203
k3 = -4.46590825047928 +/- 0.1517598065250649
k4 = 4.666842937938632 +/- 0.969033974565131
k5 = 20.168524332371167 +/- 3.2177007780377322
k6 = -3.540746653586441 +/- 0.6916973110916153

Tangential Distortion
p1 = 0.001802018442089998 /- 0.0005308960475395105
p2 = 0.0016920426461486662 /- 0.00041101620781367463

Thin Prism Distortion:
s1 = -0.0017299044719970727 +/- 0.000446666478599394
s2 = 0.00039626182216277527 +/- 0.0006970611266518039
s3 = -0.0024554123254007733 +/- 0.0004930573585234287
s4 = -0.0012304243598834463 +/- 0.0006243236074239177

