RMS reprojection error = 0.14813428193748024
sharpness = 1.98101749420166

Camera Matrix:
fx = 2700.331637819845 +/- 0.6079909378863758
fy = 2700.6889178310894 +/- 0.7499030884927006
cx = 1639.102655574573 +/- 1.945013017524121
cy = 1228.5666993327334 +/- 2.417664960090984

Radial Distortion:
k1 = 5.83064792329234 +/- 1.287880545714686
k2 = 20.908914134419202 +/- 4.200254949027431
k3 = 4.910019079519903 +/- 0.13263101653683187
k4 = 5.854189799992681 +/- 1.2988394314139975
k5 = 18.351011161368998 +/- 4.426465960588686
k6 = 5.635109095647068 +/- 0.857978970113859

Tangential Distortion
p1 = 0.0016060875328135862 /- 0.0006690801980065685
p2 = 0.001690950998075694 /- 0.0005178780308516714

Thin Prism Distortion:
s1 = -0.0016923599991203208 +/- 0.0005631680548482938
s2 = 0.0004379748937192101 +/- 0.0008782673421648253
s3 = -0.0023458060846563125 +/- 0.000621602588482491
s4 = -0.0010863768803542856 +/- 0.0007869037980856586

