RMS reprojection error = 0.12094729640485484
sharpness = 1.6662942528724671

Camera Matrix:
fx = 2700.341141760826 +/- 0.4798370138147813
fy = 2700.358614759163 +/- 0.5980266188277177
cx = 1639.7900847831568 +/- 1.594937323029232
cy = 1231.2691928311824 +/- 1.983774768770013

Radial Distortion:
k1 = 2.7335850520727236 +/- 0.8349542004899448
k2 = 19.96597494472847 +/- 2.265651975716714
k3 = -36.27559833707581 +/- 0.15010517209339785
k4 = 2.743791805459237 +/- 0.8421996802745837
k5 = 17.72328274187421 +/- 2.4085259549118834
k6 = -33.11776964487196 +/- 0.5583117069113475

Tangential Distortion
p1 = 0.0022431803974539157 /- 0.0005492223193569001
p2 = 0.0018123426134719208 /- 0.0004245102150214652

Thin Prism Distortion:
s1 = -0.0018969223111896202 +/- 0.0004600950330454983
s2 = 0.0006715535997051927 +/- 0.0007171451606439823
s3 = -0.0028964749304678516 +/- 0.0005089977663847443
s4 = -0.0010817298655652159 +/- 0.0006424678314206316

