RMS reprojection error = 0.11387217771964886
sharpness = 1.521682721376419

Camera Matrix:
fx = 2700.544546310912 +/- 0.45636465750557464
fy = 2700.592834879411 +/- 0.5668892079395986
cx = 1639.4257753712825 +/- 1.4962957040059508
cy = 1230.251198637819 +/- 1.8597468668780857

Radial Distortion:
k1 = 3.4979816953274216 +/- 0.846644211795505
k2 = 21.119108794814576 +/- 2.477540667812312
k3 = -23.520084901470796 +/- 0.14315852614355437
k4 = 3.5113211108680478 +/- 0.8539117594393596
k5 = 18.815999770834683 +/- 2.623559574261013
k6 = -21.267446123329403 +/- 0.5857837091930572

Tangential Distortion
p1 = 0.002051955900624561 /- 0.0005150639104606455
p2 = 0.0017230217249915563 /- 0.0003983639163188647

Thin Prism Distortion:
s1 = -0.0018432028818531404 +/- 0.000432715801878244
s2 = 0.0005910442791408065 +/- 0.0006753103518354791
s3 = -0.002669306104024899 +/- 0.00047810442927060694
s4 = -0.0012825620571222194 +/- 0.0006052870439559347

