RMS reprojection error = 0.13477565408099212
sharpness = 1.7882302105426788

Camera Matrix:
fx = 2700.5742518538846 +/- 0.5312761805731365
fy = 2700.402598539018 +/- 0.6635111288012981
cx = 1640.0531894772446 +/- 1.7859272281803897
cy = 1230.5647694646905 +/- 2.219834091381646

Radial Distortion:
k1 = 2.320167868492109 +/- 0.8825125719730862
k2 = 18.23778721024684 +/- 2.2445464844571017
k3 = -45.69623407225743 +/- 0.14590459847870846
k4 = 2.3288140741312198 +/- 0.8902537242429737
k5 = 16.013377054654477 +/- 2.3959479732900357
k6 = -41.73437930438073 +/- 0.5526116360838011

Tangential Distortion
p1 = 0.0020806930510845743 /- 0.000614107603493052
p2 = 0.0019405961002413334 /- 0.0004749000595360466

Thin Prism Distortion:
s1 = -0.0020094005617072625 +/- 0.000513842328026659
s2 = 0.0008594784417265819 +/- 0.0007997925839941561
s3 = -0.0027934627547033003 +/- 0.0005687161670274439
s4 = -0.0008794837135149323 +/- 0.0007162669575762154

