RMS reprojection error = 0.12121257551268662
sharpness = 1.6244765102863312

Camera Matrix:
fx = 2700.734453538749 +/- 0.48357124108874355
fy = 2700.762094689629 +/- 0.6018536570639906
cx = 1639.19821260115 +/- 1.5956349843229956
cy = 1230.1136453077654 +/- 1.9814010199220629

Radial Distortion:
k1 = 3.1716344478589042 +/- 0.8572800286191196
k2 = 18.78196962039067 +/- 2.322087882016286
k3 = -37.95294920667162 +/- 0.13192241884962277
k4 = 3.1871979272036386 +/- 0.8648092547040125
k5 = 16.420552817155492 +/- 2.470417106740206
k6 = -34.41784529259346 +/- 0.5491718913528312

Tangential Distortion
p1 = 0.0020414033270726075 /- 0.0005486342261788919
p2 = 0.0017903904777118553 /- 0.00042476256897109064

Thin Prism Distortion:
s1 = -0.0020970269733469296 +/- 0.0004609993944498873
s2 = 0.0008501207130482407 +/- 0.0007186918539569666
s3 = -0.0026855675669865014 +/- 0.0005091343298962166
s4 = -0.0011694008457154847 +/- 0.0006445667604858169

