RMS reprojection error = 0.11458909092714348
sharpness = 1.52979816198349

Camera Matrix:
fx = 2700.4768977425747 +/- 0.4575418567908681
fy = 2700.4396829545503 +/- 0.5691548607178369
cx = 1638.9593524370875 +/- 1.5096439987983212
cy = 1230.303025284737 +/- 1.876712841217932

Radial Distortion:
k1 = 3.237759041481098 +/- 0.8261295425427551
k2 = 19.742638694842384 +/- 2.3168768374292124
k3 = -31.75774482577677 +/- 0.13141058885472393
k4 = 3.2511845123549303 +/- 0.8332865628149696
k5 = 17.428194114690992 +/- 2.4596089312894525
k6 = -28.791247966710632 +/- 0.5464607778040064

Tangential Distortion
p1 = 0.0020962796888948465 /- 0.0005195234480788473
p2 = 0.001596626622023635 /- 0.0004017507359591467

Thin Prism Distortion:
s1 = -0.0017325831551511129 +/- 0.0004358494407836203
s2 = 0.0006584837073578841 +/- 0.0006790463277414195
s3 = -0.002719867254383111 +/- 0.0004819434784319579
s4 = -0.00117659084073984 +/- 0.000609379517664565

