RMS reprojection error = 0.1139674355257218
sharpness = 1.526371294260025

Camera Matrix:
fx = 2700.4981311598835 +/- 0.4512922110454903
fy = 2700.4107704570592 +/- 0.562904004358673
cx = 1639.40453236324 +/- 1.4955482221120413
cy = 1230.3791741205898 +/- 1.8605604820652795

Radial Distortion:
k1 = 2.6229296483975304 +/- 0.7631788873710653
k2 = 18.594500601230962 +/- 1.9909256440945418
k3 = -43.56094760144801 +/- 0.11762512126055043
k4 = 2.635737161604425 +/- 0.7699303921968303
k5 = 16.30425974016093 +/- 2.1223910398193744
k6 = -39.703261008496476 +/- 0.4764503475460124

Tangential Distortion
p1 = 0.00210545465022311 /- 0.000515382148718175
p2 = 0.001710299859576831 /- 0.0003983307807179931

Thin Prism Distortion:
s1 = -0.001824165399244159 +/- 0.0004328505334817685
s2 = 0.0006511211359593634 +/- 0.0006754856422689444
s3 = -0.0027181932978322084 +/- 0.000478429786638584
s4 = -0.0012717844975499994 +/- 0.0006057430737025295

