RMS reprojection error = 0.13455576042532275
sharpness = 1.8445844411849976

Camera Matrix:
fx = 2700.6769552357964 +/- 0.5342294015680177
fy = 2700.6131673271216 +/- 0.6656453200283563
cx = 1639.792131954132 +/- 1.7730480663896258
cy = 1229.880560090871 +/- 2.202283492198016

Radial Distortion:
k1 = 2.8033546988929303 +/- 0.9221342469821641
k2 = 18.934691256754988 +/- 2.4411507965669337
k3 = -40.90628638327862 +/- 0.15488415743385278
k4 = 2.816343970551978 +/- 0.9302348884734395
k5 = 16.630777801898105 +/- 2.599586023245982
k6 = -37.25802911267438 +/- 0.5954450663439064

Tangential Distortion
p1 = 0.002281303292430802 /- 0.0006097513196849216
p2 = 0.001981750317825778 /- 0.00047189890451208486

Thin Prism Distortion:
s1 = -0.002090635388702884 +/- 0.0005118201764315929
s2 = 0.0010091023260396844 +/- 0.0007984383143946249
s3 = -0.00293438101808565 +/- 0.0005655702351348626
s4 = -0.0013490986173168365 +/- 0.000715019536851323

