RMS reprojection error = 0.12400426106532274
sharpness = 1.6938385486602783

Camera Matrix:
fx = 2700.45470621732 +/- 0.4764219091492023
fy = 2700.528307908016 +/- 0.6013234840868094
cx = 1639.9952707194668 +/- 1.6296910749471267
cy = 1230.440405098842 +/- 2.0260014545384037

Radial Distortion:
k1 = 1.171142302089929 +/- 0.6180274570039609
k2 = 11.953712539556127 +/- 1.0517162424430109
k3 = -87.77785633183552 +/- 0.07192129958025252
k4 = 1.1861900689089626 +/- 0.624139062190717
k5 = 9.589151321821312 +/- 1.1556002998154675
k6 = -80.15427823808062 +/- 0.2572348770574687

Tangential Distortion
p1 = 0.002171750405944562 /- 0.0005613034933520842
p2 = 0.0019394385620612356 /- 0.00043422998214826534

Thin Prism Distortion:
s1 = -0.002095747418739045 +/- 0.00047054718938761397
s2 = 0.000785480609568919 +/- 0.0007312783604828132
s3 = -0.002900982745260245 +/- 0.0005205124685885705
s4 = -0.0011713893196325408 +/- 0.0006558077517098929

