RMS reprojection error = 0.12324829606401409
sharpness = 1.7164248704910279

Camera Matrix:
fx = 2700.324083824581 +/- 0.5005293538832036
fy = 2700.2872200584784 +/- 0.6190478880133473
cx = 1639.507973826855 +/- 1.6260729225683594
cy = 1231.0403842667117 +/- 2.021953893404834

Radial Distortion:
k1 = 4.73742886890422 +/- 1.0209090932585136
k2 = 23.136847151864217 +/- 3.270061297142013
k3 = 0.10181379733294142 +/- 0.1608911550307449
k4 = 4.752292612915884 +/- 1.0294541877734826
k5 = 20.780968884659497 +/- 3.446616863520122
k6 = 0.6298534808727398 +/- 0.7384574753713983

Tangential Distortion
p1 = 0.0021333242078809943 /- 0.0005594420413600547
p2 = 0.0018222334453340048 /- 0.0004324566359586218

Thin Prism Distortion:
s1 = -0.0020328096285709874 +/- 0.00046883315505472106
s2 = 0.000633526543554234 +/- 0.0007304957723254814
s3 = -0.0025620105677111103 +/- 0.0005187185887083322
s4 = -0.0016817762406658335 +/- 0.000654590530489625

