RMS reprojection error = 0.11481655569945155
sharpness = 1.578981614112854

Camera Matrix:
fx = 2700.387371481532 +/- 0.46102488000005915
fy = 2700.4226047980496 +/- 0.5723120719474633
cx = 1639.0089955403876 +/- 1.5124423495278576
cy = 1230.6158653660625 +/- 1.8792504370505276

Radial Distortion:
k1 = 3.663051690943588 +/- 0.8714214300190191
k2 = 21.617963645330757 +/- 2.5988027709879087
k3 = -19.4597724677187 +/- 0.15375443245262893
k4 = 3.6760052808516153 +/- 0.8788413582460791
k5 = 19.32008795420445 +/- 2.7489057253788802
k6 = -17.54494026565276 +/- 0.6172358999008082

Tangential Distortion
p1 = 0.0021576241897681143 /- 0.0005201743140662293
p2 = 0.0017606758797104932 /- 0.0004023729640341237

Thin Prism Distortion:
s1 = -0.002027352300579283 +/- 0.0004365882175984405
s2 = 0.0010258758950908507 +/- 0.0006804698156522074
s3 = -0.0027815733507416695 +/- 0.0004826455614165907
s4 = -0.0010529834548689367 +/- 0.0006103552374619162

