RMS reprojection error = 0.1399459932951075
sharpness = 1.8953066706657409

Camera Matrix:
fx = 2701.0219795873872 +/- 0.5736403798449624
fy = 2700.997455009454 +/- 0.707763611003087
cx = 1637.9493703115597 +/- 1.842618252055966
cy = 1229.2047509513336 +/- 2.2868411974121807

Radial Distortion:
k1 = 5.470623738357773 +/- 1.2155864805722723
k2 = 22.981383799484355 +/- 3.9806025121419593
k3 = 3.384094079691663 +/- 0.20372276388607394
k4 = 5.491981725089637 +/- 1.2258393942761714
k5 = 20.480254021980947 +/- 4.191854242683924
k6 = 3.8496956773967415 +/- 0.9082756886947086

Tangential Distortion
p1 = 0.0018608709725336243 /- 0.0006332932502138622
p2 = 0.0013615506922968386 /- 0.0004906006291833109

Thin Prism Distortion:
s1 = -0.0016901655803976347 +/- 0.0005323007808113763
s2 = 0.0007775742600183616 +/- 0.0008292538247692706
s3 = -0.0026449308222455865 +/- 0.0005877402751537741
s4 = -0.0012262481847434591 +/- 0.0007452062486435562

