RMS reprojection error = 0.11662835957983966
sharpness = 1.591068035364151

Camera Matrix:
fx = 2700.507846580239 +/- 0.46253212789937104
fy = 2700.541231005328 +/- 0.576770317024829
cx = 1639.4007016263884 +/- 1.5346562147291418
cy = 1231.0198415294567 +/- 1.9058598125867268

Radial Distortion:
k1 = 2.7515670172239703 +/- 0.7893092032316873
k2 = 18.40212612188028 +/- 2.055257848485678
k3 = -43.794905562777586 +/- 0.12919622921850832
k4 = 2.765489996401764 +/- 0.7962931222664337
k5 = 16.082060002203562 +/- 2.191083625966966
k6 = -39.87732357371116 +/- 0.5005501789580391

Tangential Distortion
p1 = 0.0022052620525833456 /- 0.0005277500626745081
p2 = 0.0018016896411541558 /- 0.000408452105223054

Thin Prism Distortion:
s1 = -0.0020312359118090316 +/- 0.0004433471265905079
s2 = 0.0009052119552091813 +/- 0.000691270960750671
s3 = -0.002792393274242935 +/- 0.0004897836876622614
s4 = -0.0011168473143790998 +/- 0.0006200252850474496

