RMS reprojection error = 0.11319898092377015
sharpness = 1.5174892723560334

Camera Matrix:
fx = 2700.5272805496315 +/- 0.44893829721263917
fy = 2700.5721077544868 +/- 0.5596925333931612
cx = 1639.3482056814312 +/- 1.4893521815594613
cy = 1230.300773541903 +/- 1.8529598326379517

Radial Distortion:
k1 = 2.7371192530739394 +/- 0.7728742412772723
k2 = 18.910403389390005 +/- 2.062864018539052
k3 = -39.787369432268136 +/- 0.11852542119158012
k4 = 2.7488097049264075 +/- 0.7796448384638247
k5 = 16.63462254247366 +/- 2.196292241877417
k6 = -36.23086015754106 +/- 0.48964743344892725

Tangential Distortion
p1 = 0.002120655351854081 /- 0.0005130540936463091
p2 = 0.001703149854050805 /- 0.0003964828899574972

Thin Prism Distortion:
s1 = -0.0018513191854285685 +/- 0.00043034967282064735
s2 = 0.0007709773005668542 +/- 0.0006711309598159284
s3 = -0.002750490115687835 +/- 0.00047596734093490476
s4 = -0.0012894411634037663 +/- 0.000601870932208599

