RMS reprojection error = 0.1371339099242903
sharpness = 1.8421254336833954

Camera Matrix:
fx = 2700.013289146386 +/- 0.5354470112864717
fy = 2700.293914940406 +/- 0.671111201162263
cx = 1637.9549735618946 +/- 1.8041696059724488
cy = 1230.4750159429796 +/- 2.2546693404475238

Radial Distortion:
k1 = 1.7323827031059376 +/- 0.8340422029018055
k2 = 17.083976263600324 +/- 2.009491598010562
k3 = -53.38596344727158 +/- 0.10663798378496644
k4 = 1.738457753252496 +/- 0.8414730471306879
k5 = 14.92434481403401 +/- 2.1540531648915677
k6 = -48.83053130693279 +/- 0.46823811949092703

Tangential Distortion
p1 = 0.0022573104639571624 /- 0.0006239408311882133
p2 = 0.001433228390068218 /- 0.00048022880986015265

Thin Prism Distortion:
s1 = -0.001518609712737511 +/- 0.0005211418981566769
s2 = 0.00043472595517072405 +/- 0.0008112924071773152
s3 = -0.0029397534238135097 +/- 0.0005785197514478193
s4 = -0.0014209177762729826 +/- 0.0007299769609160749

