RMS reprojection error = 0.14522890423247192
sharpness = 1.9572255551815032

Camera Matrix:
fx = 2700.1485221285907 +/- 0.5769749070525357
fy = 2700.3701223595376 +/- 0.7188030348591112
cx = 1639.957025143319 +/- 1.9233944453761767
cy = 1228.7496530798946 +/- 2.3764056598089285

Radial Distortion:
k1 = 1.2180314509853314 +/- 2.4923536139243443
k2 = 12.761685756450662 +/- 4.558835119335864
k3 = -82.41532430741884 +/- 44.793165258135694
k4 = 1.231678684724741 +/- 2.4992053570089663
k5 = 10.43792524287709 +/- 4.486383366244147
k6 = -75.27919434615299 +/- 41.48582958019127

Tangential Distortion
p1 = 0.0015719306186428549 /- 0.0006582129500463257
p2 = 0.0017904986557517747 /- 0.0005115274872082078

Thin Prism Distortion:
s1 = -0.00180069549405314 +/- 0.0005543790744646978
s2 = 0.00015252833284445786 +/- 0.0008665347572336938
s3 = -0.002218348021464182 +/- 0.0006107703776555025
s4 = -0.0016578563177645357 +/- 0.0007728369999822232

