RMS reprojection error = 0.1238928829536364
sharpness = 1.6899313747882843

Camera Matrix:
fx = 2700.198366206821 +/- 0.4873401511891416
fy = 2700.2824349878356 +/- 0.6094808140314374
cx = 1639.36808255423 +/- 1.6335105639818024
cy = 1229.390046451122 +/- 2.0323928376312983

Radial Distortion:
k1 = 2.2562119955446165 +/- 0.7777744922758707
k2 = 15.966381951625229 +/- 1.820667950515567
k3 = -57.43588209853419 +/- 0.09289796081269368
k4 = 2.2694782707193575 +/- 0.7848271598611446
k5 = 13.640985384216837 +/- 1.9561859141248394
k6 = -52.31821167295483 +/- 0.4191924172100954

Tangential Distortion
p1 = 0.0018895201362373335 /- 0.0005626704926855098
p2 = 0.0017060051728240027 /- 0.00043505660131292254

Thin Prism Distortion:
s1 = -0.0018402006447428352 +/- 0.00047158881157143907
s2 = 0.0007457475481682635 +/- 0.0007339564902119486
s3 = -0.0025877034985236635 +/- 0.0005216066949254043
s4 = -0.001198265990331937 +/- 0.000658222383706562

