RMS reprojection error = 0.14018763802559134
sharpness = 1.9240878820419312

Camera Matrix:
fx = 2700.322175920475 +/- 0.5338986004289367
fy = 2700.2446313103733 +/- 0.6752382286118226
cx = 1639.2123407240986 +/- 1.8491468754253289
cy = 1230.0660654572423 +/- 2.2999727152337317

Radial Distortion:
k1 = 0.15385827405371533 +/- 0.9714144338676735
k2 = 11.658490316196877 +/- 1.7205044116014345
k3 = -94.99491165873096 +/- 13.402262912719456
k4 = 0.16145093100826222 +/- 0.9766410917707544
k5 = 9.468779785988158 +/- 1.761753091160696
k6 = -87.03345648952764 +/- 12.40531027398326

Tangential Distortion
p1 = 0.0019915288277826504 /- 0.0006369559964919979
p2 = 0.0019734522429491475 /- 0.0004925276803078016

Thin Prism Distortion:
s1 = -0.0022721293084560917 +/- 0.0005344354065869277
s2 = 0.000762663830136926 +/- 0.0008363052971288247
s3 = -0.002501083461533547 +/- 0.0005907268751706059
s4 = -0.0012433341622406524 +/- 0.0007474251355552694

