RMS reprojection error = 0.11824614968504417
sharpness = 1.6027312755584717

Camera Matrix:
fx = 2700.4538235403547 +/- 0.4767160151852944
fy = 2700.39342720537 +/- 0.5909339037705528
cx = 1639.6526644329924 +/- 1.5565774455069847
cy = 1229.2981790680058 +/- 1.9342147768029998

Radial Distortion:
k1 = 4.018189105085729 +/- 0.9204615387451259
k2 = 21.597384295512665 +/- 2.798030609041752
k3 = -14.761852980644088 +/- 0.14390391903768046
k4 = 4.032466080875986 +/- 0.9282869495396223
k5 = 19.262064335558147 +/- 2.9574454104043495
k6 = -13.101326788738508 +/- 0.641049236212621

Tangential Distortion
p1 = 0.0018109169494509533 /- 0.0005355661731311391
p2 = 0.001769887145817394 /- 0.0004143990571426742

Thin Prism Distortion:
s1 = -0.0018270333606893268 +/- 0.000449835793623683
s2 = 0.0005511017786019575 +/- 0.0007016135755608161
s3 = -0.0025300294862619374 +/- 0.0004969496662535393
s4 = -0.001227719235778774 +/- 0.0006282414545035011

