RMS reprojection error = 0.1294762111822521
sharpness = 1.774527472257614

Camera Matrix:
fx = 2700.4597186173323 +/- 0.5053235181066067
fy = 2700.4394511277897 +/- 0.6333690525851385
cx = 1638.068620696562 +/- 1.6827891319396273
cy = 1230.2405917879798 +/- 2.102686713667353

Radial Distortion:
k1 = 1.6328687363467014 +/- 0.7706838990177479
k2 = 17.93866756745855 +/- 1.8424712216813648
k3 = -55.850006628236315 +/- 0.12584193771911584
k4 = 1.6418056814140232 +/- 0.7776596872737673
k5 = 15.751835902019069 +/- 1.9736226537774222
k6 = -51.20438986889904 +/- 0.46155767055083396

Tangential Distortion
p1 = 0.0020522621415498227 /- 0.000583318051174163
p2 = 0.0013236046532714137 /- 0.00044914216095667776

Thin Prism Distortion:
s1 = -0.0013913689961012224 +/- 0.0004898770167494853
s2 = 0.0005658476257484143 +/- 0.0007661389732940951
s3 = -0.00262914122073753 +/- 0.0005422326720119231
s4 = -0.0012089599470425949 +/- 0.0006890245606459583

