RMS reprojection error = 0.15394344329630688
sharpness = 2.085777777433395

Camera Matrix:
fx = 2700.7288302996503 +/- 0.6002291291575106
fy = 2701.123199389989 +/- 0.7539603835679519
cx = 1638.2082437873025 +/- 2.0398262850438176
cy = 1230.7966306393453 +/- 2.51598173808452

Radial Distortion:
k1 = 1.015770949140165 +/- 1.8964937324398263
k2 = 10.8328910803631 +/- 4.307655300084698
k3 = -93.30533299817388 +/- 33.775021098118074
k4 = 1.0318534177181726 +/- 1.902704110835089
k5 = 8.448578830080153 +/- 4.270197552254543
k6 = -85.15497653459694 +/- 31.133172058982975

Tangential Distortion
p1 = 0.002409926451450817 /- 0.0006969399540225171
p2 = 0.001553774099556365 /- 0.0005423133270452924

Thin Prism Distortion:
s1 = -0.0017364345514210933 +/- 0.0005877090067701625
s2 = 0.0011616301617081329 +/- 0.0009197476914282265
s3 = -0.002870700912740669 +/- 0.0006471049286268604
s4 = -0.00132487162285843 +/- 0.0008229566524527176

