RMS reprojection error = 0.11686299741221826
sharpness = 1.5862364947795868

Camera Matrix:
fx = 2700.4114118541715 +/- 0.46526887377477294
fy = 2700.5216978735243 +/- 0.5792215135928762
cx = 1639.5685466666396 +/- 1.5349094935111671
cy = 1229.921094630433 +/- 1.909105916482723

Radial Distortion:
k1 = 2.9892949200540015 +/- 0.8230603758554194
k2 = 19.95591889588578 +/- 2.2816845637849292
k3 = -33.69794301810787 +/- 0.13429308049769786
k4 = 3.0017090824205668 +/- 0.8302174315077645
k5 = 17.674383831591783 +/- 2.423427501980942
k6 = -30.658884687279482 +/- 0.543675848505162

Tangential Distortion
p1 = 0.0020478382495925968 /- 0.0005287538056306997
p2 = 0.0017205286677199208 /- 0.00040878510910978777

Thin Prism Distortion:
s1 = -0.0017642629542208267 +/- 0.00044407419051343904
s2 = 0.0005947707534929054 +/- 0.0006930247251667319
s3 = -0.0027513641775382108 +/- 0.0004907479754339704
s4 = -0.001146223834112436 +/- 0.0006209359390867975

