RMS reprojection error = 0.1269510430216573
sharpness = 1.7077162921428681

Camera Matrix:
fx = 2700.389641213861 +/- 0.49981322025014097
fy = 2700.560686767042 +/- 0.6247466477411756
cx = 1639.6020515749065 +/- 1.6725851981153215
cy = 1229.8468160286704 +/- 2.0806864793199566

Radial Distortion:
k1 = 2.2852784069633834 +/- 0.8088707215940354
k2 = 16.72877083972009 +/- 1.9685660849478983
k3 = -52.502392108085495 +/- 0.10224136194362045
k4 = 2.296892471442565 +/- 0.8161228030477929
k5 = 14.443046364006277 +/- 2.1093248234810846
k6 = -47.837683358535664 +/- 0.4561072416059981

Tangential Distortion
p1 = 0.0018753319409194925 /- 0.0005760351327478826
p2 = 0.0018378157243504325 /- 0.00044525991360059295

Thin Prism Distortion:
s1 = -0.0020223994809077266 +/- 0.0004830620737816753
s2 = 0.0006077803678969094 +/- 0.0007527458196713877
s3 = -0.0023866040411056194 +/- 0.0005342876236044449
s4 = -0.0014204903626729953 +/- 0.0006748980122846786

