RMS reprojection error = 0.1752056020225675
sharpness = 2.524827170372009

Camera Matrix:
fx = 2700.615619907519 +/- 0.7140795723238432
fy = 2700.177980261333 +/- 0.8823968046725998
cx = 1638.026197712151 +/- 2.320749920531113
cy = 1228.1050904171432 +/- 2.877873883305098

Radial Distortion:
k1 = 4.904937217228175 +/- 1.462232738149476
k2 = 21.33695419122749 +/- 4.571739440455598
k3 = -9.79315673280796 +/- 0.24394751890507163
k4 = 4.925360856729389 +/- 1.474631913894133
k5 = 18.85522313701813 +/- 4.825223706093803
k6 = -8.29388457644208 +/- 1.0541893745902196

Tangential Distortion
p1 = 0.0014398017726871843 /- 0.000796185154367248
p2 = 0.0012402680896711823 /- 0.0006172629892305556

Thin Prism Distortion:
s1 = -0.0015572414080203202 +/- 0.0006683338944702285
s2 = 0.0008392303805447595 +/- 0.001037575701599236
s3 = -0.0021315351378877324 +/- 0.000738373858071718
s4 = -0.0012650916113552142 +/- 0.0009325254889036047

