RMS reprojection error = 0.114921615392039
sharpness = 1.55704705119133

Camera Matrix:
fx = 2700.6758803414564 +/- 0.46066284438290184
fy = 2700.7636833373745 +/- 0.5723444034452069
cx = 1639.4630121094297 +/- 1.5135859794821154
cy = 1230.3007221548005 +/- 1.8804483754287742

Radial Distortion:
k1 = 3.5326796022873506 +/- 0.851225565295291
k2 = 20.283741337661866 +/- 2.4418657967405384
k3 = -27.11302351025465 +/- 0.1370624884103855
k4 = 3.5472567793650613 +/- 0.8585747348625813
k5 = 17.941306984321937 +/- 2.5890318564071797
k6 = -24.485933222601435 +/- 0.5739437078160713

Tangential Distortion
p1 = 0.0020631725239758426 /- 0.0005206823042337999
p2 = 0.0016870700587728027 /- 0.0004029174668438397

Thin Prism Distortion:
s1 = -0.0017550177193837548 +/- 0.0004371292578721997
s2 = 0.00046585956595893434 +/- 0.0006816368304214509
s3 = -0.0026973943953270897 +/- 0.00048297854428220216
s4 = -0.0012194845688369318 +/- 0.000610937559469327

