RMS reprojection error = 0.15285464105679006
sharpness = 2.1499006152153015

Camera Matrix:
fx = 2700.19202349224 +/- 0.5986927252973827
fy = 2700.3307556799286 +/- 0.7500934567916897
cx = 1639.5143028886985 +/- 2.040813222428646
cy = 1232.392933660695 +/- 2.5216658055633716

Radial Distortion:
k1 = 0.9219014684541103 +/- 4.518646698193126
k2 = 11.766251074358577 +/- 23.965309220644087
k3 = -87.24392619530884 +/- 132.74163353107687
k4 = 0.9330582035153948 +/- 4.5150111488020235
k5 = 9.477272256433354 +/- 24.165371083737373
k6 = -79.70586364986684 +/- 120.84734958924811

Tangential Distortion
p1 = 0.0027703351159423404 /- 0.0006973396094325393
p2 = 0.0018493526939435652 /- 0.0005415679899419091

Thin Prism Distortion:
s1 = -0.0020801812161145993 +/- 0.0005846610926594628
s2 = 0.0005847289140717607 +/- 0.0009124179701212622
s3 = -0.003162186486159419 +/- 0.0006456685893111448
s4 = -0.000967579562825737 +/- 0.0008150032634272702

