RMS reprojection error = 0.11387447754107115
sharpness = 1.5409931719303132

Camera Matrix:
fx = 2700.5791083602057 +/- 0.4508893928919086
fy = 2700.7662571400865 +/- 0.5625938727532841
cx = 1639.5894335413882 +/- 1.4976851674716058
cy = 1230.1425202503121 +/- 1.8614128143595123

Radial Distortion:
k1 = 2.6388379505999504 +/- 0.7587878386081266
k2 = 17.95123524891465 +/- 1.940530029527036
k3 = -46.466547428374426 +/- 0.11510795552495959
k4 = 2.652584619507947 +/- 0.7655343506490251
k5 = 15.632351500138588 +/- 2.0714462244432434
k6 = -42.31593541884339 +/- 0.4655773246955043

Tangential Distortion
p1 = 0.0020609385680983657 /- 0.000515484067307194
p2 = 0.0017074809372133648 /- 0.00039879388494752513

Thin Prism Distortion:
s1 = -0.0017777813752556351 +/- 0.00043295772045463034
s2 = 0.0006122725121758465 +/- 0.0006752104768647766
s3 = -0.0027063701089443818 +/- 0.00047836583790876344
s4 = -0.0012667779699475261 +/- 0.0006052951808406168

