RMS reprojection error = 0.17019984816879374
sharpness = 2.6216862320899965

Camera Matrix:
fx = 2699.511872639564 +/- 0.6666501818835266
fy = 2699.9509046235644 +/- 0.8341877454041209
cx = 1637.394056972107 +/- 2.219387487721085
cy = 1232.202938463702 +/- 2.7792808663017006

Radial Distortion:
k1 = 1.7260622745306633 +/- 1.0909394031287336
k2 = 21.731068558692627 +/- 2.9842783159072677
k3 = -36.932182916077174 +/- 0.23454624247703054
k4 = 1.7285052839804211 +/- 1.1003222510693376
k5 = 19.70675352440643 +/- 3.1678874910201973
k6 = -34.157933018739286 +/- 0.7708462936623112

Tangential Distortion
p1 = 0.0025929914472338465 /- 0.0007700092228831689
p2 = 0.0013238027383610153 /- 0.0005913726785176257

Thin Prism Distortion:
s1 = -0.001686027072810604 +/- 0.0006439746094431181
s2 = 0.0003975536581949897 +/- 0.0010051538169582445
s3 = -0.003057380998958416 +/- 0.0007150230883128619
s4 = -0.0012733507060235963 +/- 0.00090515356964401

