RMS reprojection error = 0.11359565754741954
sharpness = 1.5644633948802948

Camera Matrix:
fx = 2700.5695538878695 +/- 0.4506575006387343
fy = 2700.691259260205 +/- 0.5619310788635752
cx = 1639.33883150053 +/- 1.492885652679566
cy = 1230.5694671523927 +/- 1.856117328388639

Radial Distortion:
k1 = 2.784729048651528 +/- 0.7706915051158711
k2 = 18.257756613328112 +/- 2.0177950122895387
k3 = -42.99276082740118 +/- 0.11229617465268223
k4 = 2.79849379617491 +/- 0.7775087969261557
k5 = 15.938231510568718 +/- 2.151190077880123
k6 = -39.10255122009795 +/- 0.4753315798527663

Tangential Distortion
p1 = 0.00215789924680513 /- 0.0005139971712973356
p2 = 0.0017015435174714461 /- 0.00039746686747136944

Thin Prism Distortion:
s1 = -0.0018809769993448787 +/- 0.0004316614961437299
s2 = 0.0007730161315666488 +/- 0.0006733316700497345
s3 = -0.002776242103206586 +/- 0.0004770667262148226
s4 = -0.0012680768680698206 +/- 0.0006039793400711346

