RMS reprojection error = 0.12221283876664121
sharpness = 1.6608705580234528

Camera Matrix:
fx = 2700.7446626263604 +/- 0.49697941089592707
fy = 2700.714262653828 +/- 0.6143923541168499
cx = 1639.0110188533015 +/- 1.608507342907806
cy = 1229.3612030213992 +/- 1.9975024837802409

Radial Distortion:
k1 = 4.785527117367827 +/- 1.0182907268443195
k2 = 23.36999621393367 +/- 3.3097474189955887
k3 = 1.2761360864411528 +/- 0.16916055091925905
k4 = 4.801006592055325 +/- 1.0268116005727204
k5 = 21.01214266782461 +/- 3.486090484358157
k6 = 1.69182855016725 +/- 0.7541316830275278

Tangential Distortion
p1 = 0.001821469480847944 /- 0.0005528930716757764
p2 = 0.0016949455340329238 /- 0.00042790266859143853

Thin Prism Distortion:
s1 = -0.0019370690270535636 +/- 0.0004647784457826038
s2 = 0.0009894691402382544 +/- 0.0007248482124362844
s3 = -0.0024996890135859486 +/- 0.0005134505045918715
s4 = -0.0013039977080684165 +/- 0.0006500292047714592

