RMS reprojection error = 0.11301471850983573
sharpness = 1.5133825957775116

Camera Matrix:
fx = 2700.5984798528057 +/- 0.45270970167690705
fy = 2700.6629690373825 +/- 0.5625349772556288
cx = 1639.3302275829108 +/- 1.487452109075127
cy = 1230.254194860447 +/- 1.8487021857349204

Radial Distortion:
k1 = 3.476332186051211 +/- 0.8356220591937232
k2 = 20.530234308189794 +/- 2.410397910749736
k3 = -26.24185558466952 +/- 0.13658705998213944
k4 = 3.490113502935503 +/- 0.842818756996783
k5 = 18.20916197306461 +/- 2.5547442017490742
k6 = -23.72290384345632 +/- 0.567652317853676

Tangential Distortion
p1 = 0.002090373068225603 /- 0.0005118958187600664
p2 = 0.0016575730392129112 /- 0.0003959459220044477

Thin Prism Distortion:
s1 = -0.0017785505357654065 +/- 0.0004297197218922794
s2 = 0.0006003968025926164 +/- 0.0006701625618104432
s3 = -0.0027174055397010195 +/- 0.00047493153020244726
s4 = -0.0012761069385239885 +/- 0.000600862582914845

