RMS reprojection error = 0.1745474266364532
sharpness = 2.463691455125809

Camera Matrix:
fx = 2700.3588143359502 +/- 0.6983979883808087
fy = 2700.124645504245 +/- 0.8673863224115717
cx = 1639.53952539933 +/- 2.3047604824834744
cy = 1228.0498066150044 +/- 2.8743995889111993

Radial Distortion:
k1 = 3.417849298169862 +/- 1.308158653353859
k2 = 21.373016544374906 +/- 3.9284934643548812
k3 = -17.073643360141926 +/- 0.17933587035166365
k4 = 3.4255921113642485 +/- 1.3191543076367067
k5 = 19.166518544416082 +/- 4.155354019422614
k6 = -15.351910171370537 +/- 0.8746141111020478

Tangential Distortion
p1 = 0.0016448065946798836 /- 0.0007952914032851216
p2 = 0.001716566601185501 /- 0.0006135325236838616

Thin Prism Distortion:
s1 = -0.0014035268303189388 +/- 0.0006649974417605845
s2 = 0.0001551294192298706 +/- 0.0010360051270317285
s3 = -0.0025456743363008625 +/- 0.0007367938494593357
s4 = -0.0011229954982821906 +/- 0.0009272104910015415

