RMS reprojection error = 0.1800670843819543
sharpness = 2.5937114000320434

Camera Matrix:
fx = 2701.218436251468 +/- 0.7194033818186559
fy = 2700.6235910143737 +/- 0.8939592603567592
cx = 1639.9018361755027 +/- 2.3703933221887783
cy = 1227.0858110382594 +/- 2.9491100435634343

Radial Distortion:
k1 = 3.183676502374521 +/- 1.300763419212365
k2 = 20.216687837809488 +/- 3.6931846481501345
k3 = -29.603271237746537 +/- 0.20022259843221948
k4 = 3.1955034745086026 +/- 1.3119704943885286
k5 = 17.932277925119 +/- 3.9181226790518013
k6 = -26.854683144650902 +/- 0.8609547735230639

Tangential Distortion
p1 = 0.0013772684196907998 /- 0.0008169770558799373
p2 = 0.001779852003958459 /- 0.0006315965781872377

Thin Prism Distortion:
s1 = -0.0015504791366747418 +/- 0.0006855209831413629
s2 = 0.00047737875371913646 +/- 0.0010702069949844527
s3 = -0.0020219853016296445 +/- 0.0007578031025901386
s4 = -0.0021561060564614805 +/- 0.000957377131678111

