RMS reprojection error = 0.1706403412195354
sharpness = 2.3881695568561554

Camera Matrix:
fx = 2700.571964146397 +/- 0.6972093942106925
fy = 2700.8360044416 +/- 0.8618340451995649
cx = 1637.1005149521172 +/- 2.2410766050069966
cy = 1226.2797676426453 +/- 2.7934292216325347

Radial Distortion:
k1 = 5.278985925366949 +/- 1.4108724351931388
k2 = 17.610112945003024 +/- 4.27539592846901
k3 = -16.621640710735598 +/- 0.12005422052892255
k4 = 5.305071375503969 +/- 1.423156947492507
k5 = 14.975587349267574 +/- 4.52636862981627
k6 = -14.002501235708792 +/- 0.8248945810592764

Tangential Distortion
p1 = 0.000985180377781519 /- 0.0007733442648451045
p2 = 0.0010961232127269468 /- 0.0005978872167625186

Thin Prism Distortion:
s1 = -0.0013445658259355357 +/- 0.0006494213066787712
s2 = 0.0003645827036069471 +/- 0.0010100485336724866
s3 = -0.0018866704337698647 +/- 0.0007175842203629946
s4 = -0.0009506772459546397 +/- 0.0009079917374365062

