RMS reprojection error = 0.16075959596999553
sharpness = 2.208245664834976

Camera Matrix:
fx = 2701.1585908630645 +/- 0.6642713519426696
fy = 2701.265990613032 +/- 0.8176823810389777
cx = 1639.6906597149878 +/- 2.1313590757932523
cy = 1229.092798171881 +/- 2.6330459868005933

Radial Distortion:
k1 = 6.346476194590193 +/- 1.4491897695864528
k2 = 20.86755264907215 +/- 4.703208341581438
k3 = 3.9819860803086526 +/- 0.19923609193684208
k4 = 6.375083074630921 +/- 1.461555800135682
k5 = 18.19055962783603 +/- 4.9563930725490675
k6 = 4.838703487463055 +/- 1.0257752667624844

Tangential Distortion
p1 = 0.0018515519863305005 /- 0.0007278893271637752
p2 = 0.0019135765263760826 /- 0.0005660839917944583

Thin Prism Distortion:
s1 = -0.0020002071409591067 +/- 0.0006133352099298681
s2 = 0.0009468163154990261 +/- 0.0009545906440787856
s3 = -0.0024630346411660467 +/- 0.0006757303382958051
s4 = -0.001307683344410589 +/- 0.0008546982903360852

