RMS reprojection error = 0.12945291716866364
sharpness = 1.7776568830013275

Camera Matrix:
fx = 2700.2895468820957 +/- 0.5136810968583243
fy = 2700.6581778079317 +/- 0.640231069148797
cx = 1639.8623400378526 +/- 1.6970144871857524
cy = 1230.2803217174053 +/- 2.1123166009915963

Radial Distortion:
k1 = 2.7752368011164292 +/- 0.8898901140188985
k2 = 19.59347892785988 +/- 2.432952163358231
k3 = -35.70466407467717 +/- 0.13274127578387523
k4 = 2.786377427200944 +/- 0.8976562445228002
k5 = 17.34342458546065 +/- 2.586628331330664
k6 = -32.51602903993961 +/- 0.5685653605876072

Tangential Distortion
p1 = 0.002151996213347293 /- 0.0005849718808646705
p2 = 0.0018282917595108627 /- 0.0004519209283320551

Thin Prism Distortion:
s1 = -0.0018609025665006955 +/- 0.0004915057898648204
s2 = 0.00048298296698014544 +/- 0.0007677380306966332
s3 = -0.002836501817398336 +/- 0.000543207741863772
s4 = -0.0009108859930234617 +/- 0.0006875676939483188

