RMS reprojection error = 0.12737471218370652
sharpness = 1.730226469039917

Camera Matrix:
fx = 2700.4245752962515 +/- 0.5043289207355369
fy = 2700.580382504708 +/- 0.6289786734273599
cx = 1639.4436337417135 +/- 1.6759351623497618
cy = 1229.0501634442883 +/- 2.082645943022895

Radial Distortion:
k1 = 2.5525741911560607 +/- 0.855388888483519
k2 = 19.13689205109742 +/- 2.2455769875216274
k3 = -43.12627379677268 +/- 0.1594519915204519
k4 = 2.564471100972646 +/- 0.8629087307588174
k5 = 16.86817615328367 +/- 2.3915549828348337
k6 = -39.396974814151505 +/- 0.565552434475781

Tangential Distortion
p1 = 0.0017483512311492744 /- 0.0005768491683550459
p2 = 0.0018343365863825905 /- 0.00044636206034121613

Thin Prism Distortion:
s1 = -0.0020521131312312307 +/- 0.000484540739409212
s2 = 0.0010578415653403487 +/- 0.0007555227114392709
s3 = -0.002397356488543045 +/- 0.0005353407537923122
s4 = -0.0014832951387401105 +/- 0.0006769796087875327

