RMS reprojection error = 0.12758751370191077
sharpness = 1.747876524925232

Camera Matrix:
fx = 2700.378174437728 +/- 0.5096021409890042
fy = 2700.230433450583 +/- 0.6335697857540595
cx = 1638.526270610249 +/- 1.6612023949195616
cy = 1229.9791090750211 +/- 2.074750640817493

Radial Distortion:
k1 = 3.2602377595877083 +/- 0.9299392166569899
k2 = 21.36439179744449 +/- 2.7633521190971493
k3 = -21.088645968670015 +/- 0.1256975860433877
k4 = 3.27100805957328 +/- 0.9379104946047391
k5 = 19.13407129069504 +/- 2.924692372252866
k6 = -19.063518631680758 +/- 0.614832097690773

Tangential Distortion
p1 = 0.002061046013809811 /- 0.0005749843567114125
p2 = 0.0015184619197282298 /- 0.00044290790064303143

Thin Prism Distortion:
s1 = -0.0017767975958933304 +/- 0.0004830495877821138
s2 = 0.0006454837184855724 +/- 0.0007555198664440588
s3 = -0.002782804132753961 +/- 0.0005345334531277616
s4 = -0.0012944496637230754 +/- 0.0006783574844696726

