RMS reprojection error = 0.18045974746354795
sharpness = 2.532665288448334

Camera Matrix:
fx = 2700.4844855823267 +/- 0.7472117838139939
fy = 2700.634464620712 +/- 0.9189556065992637
cx = 1637.7240508246039 +/- 2.389664575761129
cy = 1229.2870336015678 +/- 2.9698590073510123

Radial Distortion:
k1 = 6.567618279760155 +/- 1.6889530368204646
k2 = 24.043558502855145 +/- 5.775510743065857
k3 = 20.80976603220956 +/- 0.26381165588986355
k4 = 6.590956661968538 +/- 1.7030008082844292
k5 = 21.465859621182876 +/- 6.069041959807685
k6 = 20.100067625907233 +/- 1.279539290727829

Tangential Distortion
p1 = 0.0018195968411009124 /- 0.0008216151963287675
p2 = 0.0017128828127001426 /- 0.0006360258178477948

Thin Prism Distortion:
s1 = -0.0023967856199031586 +/- 0.0006877564926336076
s2 = 0.0007223291926916699 +/- 0.0010684989785064885
s3 = -0.0024094643135464727 +/- 0.0007607724589735646
s4 = -0.0014601600587626688 +/- 0.0009595068051053158

