RMS reprojection error = 0.15604499947940056
sharpness = 2.1933501601219176

Camera Matrix:
fx = 2701.194783860646 +/- 0.6403247838988516
fy = 2700.966593521479 +/- 0.7895088701064791
cx = 1640.10368633837 +/- 2.0328792394087665
cy = 1230.7507539614305 +/- 2.5216676504945945

Radial Distortion:
k1 = 5.607964301632886 +/- 1.3424340937624804
k2 = 23.525753964161098 +/- 4.396496383136022
k3 = 5.758104347488442 +/- 0.206351105389265
k4 = 5.633296379301192 +/- 1.3539430423851688
k5 = 20.99511890579241 +/- 4.628933592014743
k6 = 6.078591108777751 +/- 0.9798803738803872

Tangential Distortion
p1 = 0.0022525779841393225 /- 0.0006987725044606945
p2 = 0.0018159636177468089 /- 0.0005414189802770094

Thin Prism Distortion:
s1 = -0.0018015879118947807 +/- 0.0005908515345256908
s2 = 0.00046671227273426636 +/- 0.0009255538384119169
s3 = -0.00274062269592659 +/- 0.0006506496094606466
s4 = -0.0016250349017895226 +/- 0.0008284419766884196

