RMS reprojection error = 0.11845307006687941
sharpness = 1.6168702304363252

Camera Matrix:
fx = 2700.660924628545 +/- 0.47707880836862
fy = 2700.692667195508 +/- 0.5917082267152687
cx = 1639.2539327382322 +/- 1.5598321005854445
cy = 1229.3770991147976 +/- 1.937454728684896

Radial Distortion:
k1 = 3.8385635160337217 +/- 0.9122273706510339
k2 = 21.864815356828267 +/- 2.732008935263746
k3 = -18.79404029198689 +/- 0.16778904885764595
k4 = 3.8532328722650453 +/- 0.9200099389809305
k5 = 19.52559543791631 +/- 2.8890370799511063
k6 = -16.909872629603846 +/- 0.6556761511677835

Tangential Distortion
p1 = 0.0017437704048852598 /- 0.0005366841442997665
p2 = 0.0016327721778396857 /- 0.00041549975381904424

Thin Prism Distortion:
s1 = -0.0017226503704031986 +/- 0.00045070059264216554
s2 = 0.000780258610061347 +/- 0.0007027185164767412
s3 = -0.0024515266986625075 +/- 0.0004977634527344167
s4 = -0.0011495661090763826 +/- 0.000629613061865687

