RMS reprojection error = 0.16220265972872705
sharpness = 2.214147460460663

Camera Matrix:
fx = 2700.7589179495753 +/- 0.6473038723578934
fy = 2700.780491843313 +/- 0.8052541390438884
cx = 1638.8494034609155 +/- 2.1411122013849306
cy = 1229.3769674755554 +/- 2.651598425759762

Radial Distortion:
k1 = 3.1200309539881204 +/- 1.1689117028726748
k2 = 20.302161666958646 +/- 3.3208796384245596
k3 = -31.42450459081921 +/- 0.2357612667721052
k4 = 3.1327818017391498 +/- 1.1789792832616661
k5 = 18.02103402602012 +/- 3.521327456918439
k6 = -28.60718833556494 +/- 0.8315049792011816

Tangential Distortion
p1 = 0.0018817319048021796 /- 0.0007337044766457962
p2 = 0.0016718544331415547 /- 0.0005690148528932751

Thin Prism Distortion:
s1 = -0.001987940052199188 +/- 0.0006177605072988755
s2 = 0.0010392943170757349 +/- 0.0009620430850229023
s3 = -0.0026802343990181897 +/- 0.0006816908719945275
s4 = -0.00044149987999253206 +/- 0.0008637063753016514

