RMS reprojection error = 0.12879331946293363
sharpness = 1.7809499979019165

Camera Matrix:
fx = 2700.732577699714 +/- 0.5348444707194914
fy = 2700.6019844531093 +/- 0.6568611893884183
cx = 1639.6333734634647 +/- 1.6913672639907584
cy = 1228.7301250730272 +/- 2.103114775989787

Radial Distortion:
k1 = 6.9600761459127325 +/- 1.2208343980063252
k2 = 25.21059288322573 +/- 4.291996824693122
k3 = 32.83267623738684 +/- 0.16556084542857735
k4 = 6.984377860996346 +/- 1.2310095340720217
k5 = 22.64170596115 +/- 4.504112775098037
k6 = 31.24401688289509 +/- 0.9145998663365411

Tangential Distortion
p1 = 0.0017374809758700406 /- 0.0005823003224699141
p2 = 0.0018831349801040253 /- 0.0004506638562368307

Thin Prism Distortion:
s1 = -0.0019218394573232394 +/- 0.0004895121715562319
s2 = 0.00037892404037441236 +/- 0.0007639640447287985
s3 = -0.0025485509863045295 +/- 0.0005403210890275661
s4 = -0.0009311337579186074 +/- 0.0006831170031851769

