RMS reprojection error = 0.1307971428664817
sharpness = 1.8138484001159667

Camera Matrix:
fx = 2700.4490773808316 +/- 0.5095580621597052
fy = 2700.5997671053738 +/- 0.6394641540302907
cx = 1639.2519407981956 +/- 1.7185106350382007
cy = 1229.3713249791317 +/- 2.1273651221541523

Radial Distortion:
k1 = 0.626159574200139 +/- 2.2163261090491697
k2 = 12.313744320178403 +/- 5.323341418160318
k3 = -89.69553663176644 +/- 43.99968142105967
k4 = 0.6379663562208931 +/- 2.2212422652105643
k5 = 10.048961357221115 +/- 5.268804999252799
k6 = -82.07763734471769 +/- 40.56744678040972

Tangential Distortion
p1 = 0.001899357619263119 /- 0.0005898428491297982
p2 = 0.0016054662749497692 /- 0.00045765479542798026

Thin Prism Distortion:
s1 = -0.0016224210334743556 +/- 0.0004980680634726532
s2 = 0.0003904074616068712 +/- 0.0007818244064601687
s3 = -0.0027112281316255707 +/- 0.0005484621831188025
s4 = -0.0011233570025705772 +/- 0.0006981560451026819

