RMS reprojection error = 0.16819460079276927
sharpness = 2.3449511766433715

Camera Matrix:
fx = 2700.3337072872127 +/- 0.6678150581708039
fy = 2700.0469977910634 +/- 0.8317667224186793
cx = 1639.2720306961082 +/- 2.23174315885791
cy = 1229.173293598044 +/- 2.773833029270005

Radial Distortion:
k1 = 2.8156539954043343 +/- 1.1757480095161408
k2 = 19.149770565103278 +/- 3.2191544335725295
k3 = -35.5964695217218 +/- 0.1885780537966732
k4 = 2.8248710317752175 +/- 1.1858647863846024
k5 = 16.913086674722503 +/- 3.422088910043729
k6 = -32.39643701586202 +/- 0.7665679567949761

Tangential Distortion
p1 = 0.0017404873363000607 /- 0.0007671179127835778
p2 = 0.0017155459584495699 /- 0.0005931033329203404

Thin Prism Distortion:
s1 = -0.0018372214834190637 +/- 0.0006417965135531888
s2 = 7.153657450414303e-05 +/- 0.000997431324419144
s3 = -0.0021473498214020998 +/- 0.0007107674550168454
s4 = -0.0016547333316546742 +/- 0.000894797785114628

