RMS reprojection error = 0.12037908528348641
sharpness = 1.6691704213619232

Camera Matrix:
fx = 2700.761005627477 +/- 0.48696920073648164
fy = 2700.7693536573906 +/- 0.6032344875213118
cx = 1639.3941602906784 +/- 1.5906393124009186
cy = 1229.5621072730041 +/- 1.97275118509371

Radial Distortion:
k1 = 4.3601491580244 +/- 0.9533625909461287
k2 = 20.35184868439617 +/- 2.875001595769644
k3 = -16.445085949466975 +/- 0.13630876793073343
k4 = 4.3775686013651365 +/- 0.9615129073745952
k5 = 17.93045657823291 +/- 3.0410985548296905
k6 = -14.445555046223244 +/- 0.646418318075785

Tangential Distortion
p1 = 0.0019555811743583932 /- 0.0005458151605037242
p2 = 0.0016817424544111612 /- 0.00042294549069147317

Thin Prism Distortion:
s1 = -0.0017120609277007997 +/- 0.0004585247830565284
s2 = 0.0010075849178838555 +/- 0.0007143155407261796
s3 = -0.0025399281827039183 +/- 0.0005063774964291936
s4 = -0.001065126399413821 +/- 0.0006402222831550455

