RMS reprojection error = 0.1639486178689653
sharpness = 2.2088170826435087

Camera Matrix:
fx = 2700.4583813096738 +/- 0.6528974624920759
fy = 2699.9984991671286 +/- 0.8122765421372684
cx = 1638.6829601465595 +/- 2.1824853440492085
cy = 1228.8175311742143 +/- 2.6962356724170333

Radial Distortion:
k1 = 1.1624165599430274 +/- 6.229122600049022
k2 = 13.056806108459918 +/- 18.476987843480554
k3 = -78.39314327403594 +/- 137.58784204917924
k4 = 1.1728569977558114 +/- 6.236195034245883
k5 = 10.795716121372685 +/- 18.362633223445044
k6 = -71.62060919859015 +/- 126.45218410883989

Tangential Distortion
p1 = 0.0015812497349696013 /- 0.0007460566748760798
p2 = 0.0015404906233868402 /- 0.0005792682315685896

Thin Prism Distortion:
s1 = -0.0016640066155669097 +/- 0.0006266640002292107
s2 = 0.0008453601412163104 +/- 0.0009767075477115884
s3 = -0.0020869241420172447 +/- 0.0006920644949581043
s4 = -0.001948300452810279 +/- 0.0008747171961291597

