RMS reprojection error = 0.11671785800835642
sharpness = 1.5901234686374663

Camera Matrix:
fx = 2700.5217009528756 +/- 0.4647546257836973
fy = 2700.5604417822924 +/- 0.5786160004211512
cx = 1639.691741770563 +/- 1.5345936068941364
cy = 1230.3643321901359 +/- 1.9066333453316837

Radial Distortion:
k1 = 3.0244202099967383 +/- 0.8198420377250827
k2 = 19.455482304164665 +/- 2.2458305595754795
k3 = -35.663083325945685 +/- 0.131679441482352
k4 = 3.0378933350125137 +/- 0.8270023604526329
k5 = 17.14929091926016 +/- 2.3871916545335665
k6 = -32.41399829150927 +/- 0.5349100836950273

Tangential Distortion
p1 = 0.0021342239055273647 /- 0.0005279381382799355
p2 = 0.0018441665408216994 /- 0.00040845150723558193

Thin Prism Distortion:
s1 = -0.0019957789199373005 +/- 0.0004436354400463107
s2 = 0.000681834602300484 +/- 0.0006922223436678102
s3 = -0.002781635295741385 +/- 0.0004901006068269286
s4 = -0.0013599107283838454 +/- 0.000620298217255473

