RMS reprojection error = 0.14038887830114322
sharpness = 1.9461039304733276

Camera Matrix:
fx = 2700.590097954839 +/- 0.577246948426654
fy = 2701.031353135502 +/- 0.7114247203775342
cx = 1639.493357026108 +/- 1.845750458413784
cy = 1229.0554179004312 +/- 2.2889410628040743

Radial Distortion:
k1 = 5.694170609235627 +/- 1.2422601410194465
k2 = 24.92667734564667 +/- 4.123181379571525
k3 = 9.5258319794665 +/- 0.2435720213886826
k4 = 5.717070024793038 +/- 1.2527329131874247
k5 = 22.416520615512113 +/- 4.337113078183774
k6 = 9.369780310129514 +/- 0.9724715119533721

Tangential Distortion
p1 = 0.0019300755191043117 /- 0.0006341591211028949
p2 = 0.0015179395307518325 /- 0.0004918537916617936

Thin Prism Distortion:
s1 = -0.0013935322664740657 +/- 0.0005337683456292058
s2 = 0.00024213437060793716 +/- 0.0008325527070449392
s3 = -0.002675550321279161 +/- 0.0005884353393062749
s4 = -0.0011327700358897438 +/- 0.0007451458984778535

