RMS reprojection error = 0.12394089481285883
sharpness = 1.6731339752674104

Camera Matrix:
fx = 2700.615922103612 +/- 0.49220276259228407
fy = 2700.569338652734 +/- 0.6134202746569287
cx = 1639.2373858870567 +/- 1.6362886598265307
cy = 1229.3163579611557 +/- 2.0356902785640654

Radial Distortion:
k1 = 2.829356827370916 +/- 0.8512107135613023
k2 = 18.316201174102083 +/- 2.2450033393598057
k3 = -41.668637081442945 +/- 0.1224119620698475
k4 = 2.8419528152700715 +/- 0.8586812297686173
k5 = 16.005752678881393 +/- 2.392414554544684
k6 = -37.88229322191198 +/- 0.5259236589848656

Tangential Distortion
p1 = 0.001804938194072497 /- 0.000563521694927333
p2 = 0.0016690330886160736 /- 0.00043571831150083346

Thin Prism Distortion:
s1 = -0.0017888145709133 +/- 0.00047208904348646874
s2 = 0.00047077814948431966 +/- 0.0007350072013410898
s3 = -0.0025435943753730796 +/- 0.0005221833874037252
s4 = -0.0011221420630622547 +/- 0.000658964935221735

