RMS reprojection error = 0.11403857805713326
sharpness = 1.5466844141483307

Camera Matrix:
fx = 2700.4645062307845 +/- 0.45178372819103313
fy = 2700.5489000187117 +/- 0.5634792573078395
cx = 1639.5902230511826 +/- 1.4988895491857994
cy = 1230.2925145699576 +/- 1.8641862500313529

Radial Distortion:
k1 = 2.6696316406405685 +/- 0.7676745680200261
k2 = 18.452189124065676 +/- 2.0093649335671433
k3 = -42.85563718895723 +/- 0.11409542711396663
k4 = 2.6821691092629836 +/- 0.7744505513164988
k5 = 16.161369775308525 +/- 2.1419799767158296
k6 = -39.02671401228517 +/- 0.47578849934719725

Tangential Distortion
p1 = 0.0020465184964286137 /- 0.0005162440508191172
p2 = 0.001732097057815658 /- 0.0003991034131238602

Thin Prism Distortion:
s1 = -0.0018431723494073073 +/- 0.0004334469084501456
s2 = 0.0005823720473668847 +/- 0.0006761454645142394
s3 = -0.0026649787143092313 +/- 0.00047909959050328
s4 = -0.0012168901100473998 +/- 0.0006061307884734474

