RMS reprojection error = 0.14852442969145419
sharpness = 2.024684578180313

Camera Matrix:
fx = 2700.764473911008 +/- 0.6039365553688858
fy = 2700.3310742600297 +/- 0.7467106601650116
cx = 1639.47554058335 +/- 1.9604624532974473
cy = 1230.6485492431993 +/- 2.432577998304717

Radial Distortion:
k1 = 4.716146160073785 +/- 1.2145533677583757
k2 = 21.992814884573846 +/- 3.730491878183167
k3 = -10.378264535342534 +/- 0.20336235705334935
k4 = 4.735740846524403 +/- 1.224915814080203
k5 = 19.531794465481678 +/- 3.9402602871186065
k6 = -8.926658391398469 +/- 0.8663555137218351

Tangential Distortion
p1 = 0.0019369665298742205 /- 0.0006735257075488356
p2 = 0.0019262359762267738 /- 0.0005219415432316614

Thin Prism Distortion:
s1 = -0.002155186292106588 +/- 0.0005653153581128284
s2 = 0.0013496829697074552 +/- 0.0008808551718914782
s3 = -0.0023823561506447315 +/- 0.0006241599386905458
s4 = -0.000978237096715547 +/- 0.0007885971636549641

