RMS reprojection error = 0.1319721779290895
sharpness = 1.8092222452163695

Camera Matrix:
fx = 2700.2651637138647 +/- 0.5191564088695206
fy = 2700.546952680401 +/- 0.649433613605503
cx = 1639.565245689444 +/- 1.752682852069505
cy = 1229.8589809624293 +/- 2.175916414319686

Radial Distortion:
k1 = 2.302572749107112 +/- 0.8307663627134311
k2 = 15.218660706559982 +/- 1.9122069460554763
k3 = -58.879715717550184 +/- 0.09808734943943985
k4 = 2.315635453328715 +/- 0.8382864345161815
k5 = 12.880401034298165 +/- 2.0574843532709304
k6 = -53.57292639432377 +/- 0.44135287197136036

Tangential Distortion
p1 = 0.0018946432301747706 /- 0.000601700996478516
p2 = 0.0018776911065961502 /- 0.0004659692348762125

Thin Prism Distortion:
s1 = -0.002138643531661869 +/- 0.0005037039417897086
s2 = 0.0012442322338377322 +/- 0.0007821836976873268
s3 = -0.002495933616141606 +/- 0.00055727986090218
s4 = -0.0013068136823795016 +/- 0.0007014455983481713

