RMS reprojection error = 0.1504994654301122
sharpness = 2.0322064459323883

Camera Matrix:
fx = 2700.744580966936 +/- 0.6022835950048554
fy = 2700.9324368426046 +/- 0.748518132260683
cx = 1639.1884988773804 +/- 1.9787934215684868
cy = 1229.114528577914 +/- 2.456499432774966

Radial Distortion:
k1 = 3.3015018683530513 +/- 1.1048540433146332
k2 = 21.19809626231511 +/- 3.2131784608909313
k3 = -26.19944418298179 +/- 0.20788226022870826
k4 = 3.3144538605804934 +/- 1.1143412409562659
k5 = 18.915311503311177 +/- 3.4028557287442376
k6 = -23.81137690869132 +/- 0.7826963273230281

Tangential Distortion
p1 = 0.0016615708417257655 /- 0.00068022971505564
p2 = 0.0018062089787652974 /- 0.0005267574612928615

Thin Prism Distortion:
s1 = -0.0019215539223721523 +/- 0.0005724558444217973
s2 = 0.0006296407838788108 +/- 0.0008930341052780469
s3 = -0.002399022013796301 +/- 0.0006318456979478831
s4 = -0.000878598569627094 +/- 0.0008003498802070365

