RMS reprojection error = 0.1143558682264487
sharpness = 1.561540776491165

Camera Matrix:
fx = 2700.387820152609 +/- 0.45009977590846795
fy = 2700.325535273699 +/- 0.5625423034173539
cx = 1639.654036880691 +/- 1.5028457048884345
cy = 1230.1259556781422 +/- 1.8695663127295608

Radial Distortion:
k1 = 2.22760544928879 +/- 0.7280016759049146
k2 = 17.64751878588285 +/- 1.7912900746199616
k3 = -51.32582076804346 +/- 0.11321899050410365
k4 = 2.2392601089429425 +/- 0.7345170275080086
k5 = 15.378601071409763 +/- 1.9162114944186828
k6 = -46.87080141533911 +/- 0.4380646472406222

Tangential Distortion
p1 = 0.00201332138422525 /- 0.0005178174756126107
p2 = 0.0018196274400463018 /- 0.000400257167158717

Thin Prism Distortion:
s1 = -0.0019662434937687957 +/- 0.00043464554814068816
s2 = 0.0007206679625464756 +/- 0.0006778717946688324
s3 = -0.0026495120807737177 +/- 0.00048050260348994254
s4 = -0.0011821447085023664 +/- 0.0006076085440075672

