RMS reprojection error = 0.12082718435645687
sharpness = 1.6857380032539369

Camera Matrix:
fx = 2700.3266547513877 +/- 0.4877951721919644
fy = 2700.195765118444 +/- 0.6043842709367886
cx = 1639.3762584064375 +/- 1.5931506266064175
cy = 1230.3113431165536 +/- 1.9820963270605299

Radial Distortion:
k1 = 4.210944653029924 +/- 0.9594933359255896
k2 = 22.0361864848173 +/- 2.984734484291276
k3 = -8.515828763542302 +/- 0.14071385935595157
k4 = 4.223857992291368 +/- 0.9675679202014739
k5 = 19.722976529059345 +/- 3.151106130075223
k6 = -7.3332722629548295 +/- 0.6684971234031744

Tangential Distortion
p1 = 0.0020180779212116934 /- 0.0005484344551863467
p2 = 0.0017513631459202706 /- 0.00042378210177685494

Thin Prism Distortion:
s1 = -0.0019636806503706855 +/- 0.00045968287691285407
s2 = 0.0006921622255535835 +/- 0.0007162917179090874
s3 = -0.0026249659005528566 +/- 0.000508627284649491
s4 = -0.0012301415019451865 +/- 0.0006420459017330917

