RMS reprojection error = 0.16115351200893727
sharpness = 2.3459680378437042

Camera Matrix:
fx = 2700.489981478585 +/- 0.608971560003024
fy = 2700.4553533233884 +/- 0.772401186331664
cx = 1639.2040046827942 +/- 2.1008461249891512
cy = 1229.6922918915348 +/- 2.626333308447347

Radial Distortion:
k1 = 0.22035348515640646 +/- 0.568051468433734
k2 = 10.896763306236119 +/- 2.0688061843148904
k3 = -97.5085587103274 +/- 7.289886728885913
k4 = 0.22991638650567736 +/- 0.5746845890070087
k5 = 8.662513124423949 +/- 2.2131073477616106
k6 = -89.23166417030062 +/- 6.496840422321173

Tangential Distortion
p1 = 0.0020337989574312158 /- 0.0007273981276881363
p2 = 0.0017546401333002359 /- 0.0005608622358934604

Thin Prism Distortion:
s1 = -0.0019726654240713017 +/- 0.0006109440595334674
s2 = 0.0007127427050529477 +/- 0.0009566543457053356
s3 = -0.002718550244358291 +/- 0.000675363977867878
s4 = -0.0009946707379574697 +/- 0.0008560604460813912

