RMS reprojection error = 0.15605278221799596
sharpness = 2.145183491706848

Camera Matrix:
fx = 2700.3809416134827 +/- 0.6301624301590246
fy = 2700.652596830667 +/- 0.7808005288085067
cx = 1639.763857341199 +/- 2.080326620529084
cy = 1229.4924726951665 +/- 2.581555540613994

Radial Distortion:
k1 = 4.174528906880023 +/- 1.2547208332405042
k2 = 22.40384760513501 +/- 3.890810659319699
k3 = -8.878148664328691 +/- 0.22838046653279412
k4 = 4.185278196257711 +/- 1.2651518907336252
k5 = 20.106239298895 +/- 4.107373821037121
k6 = -7.77295316351898 +/- 0.921099036178442

Tangential Distortion
p1 = 0.001926270726003842 /- 0.0007137215806519895
p2 = 0.0017107910393869153 /- 0.0005528221258695468

Thin Prism Distortion:
s1 = -0.0017242888464453756 +/- 0.0005964597372143016
s2 = 0.0009645327571023771 +/- 0.0009265814886319582
s3 = -0.002727047132238488 +/- 0.0006600749283125944
s4 = -0.0007385963230633107 +/- 0.0008294037598947666

