RMS reprojection error = 0.29291065933016874
sharpness = 13.831581592559814

Camera Matrix:
fx = 2700.4752002862206 +/- 1.1318727614863697
fy = 2700.785287459289 +/- 1.377112283230913
cx = 1637.4319238217438 +/- 3.004798381717043
cy = 1234.166469938833 +/- 3.2767726487073032

Radial Distortion:
k1 = -2.299714980728305 +/- 4.471321654027156
k2 = 43.96086200905645 +/- 6.119029601769473
k3 = -78.18393363959058 +/- 78.8181719613801
k4 = -2.4103219495463457 +/- 4.485300299562648
k5 = 43.07134622875299 +/- 6.14840590802445
k6 = -75.92094924663112 +/- 78.57909550850303

Tangential Distortion
p1 = 0.003431989497140853 /- 0.0009390451435143441
p2 = 0.0014768629128105695 /- 0.0009178491420700279

Thin Prism Distortion:
s1 = -0.0017552545476418125 +/- 0.0009638814389589889
s2 = 0.0008837428843792557 +/- 0.002567253023156773
s3 = -0.0025589826754429798 +/- 0.0008484856189466054
s4 = -0.0028119320189514646 +/- 0.0017323339498120506

