RMS reprojection error = 0.12400171633039078
sharpness = 1.6917513062556584

Camera Matrix:
fx = 2699.866156530754 +/- 0.4380016082808645
fy = 2699.8182348423816 +/- 0.5432858937238995
cx = 1638.2789595631864 +/- 0.6661298440171611
cy = 1230.850379400333 +/- 0.7895523662930327

Radial Distortion:
k1 = 5.529502418415172 +/- 1.756479352753851
k2 = 36.33417439573533 +/- 1.9124698376294162
k3 = 52.26651038714047 +/- 18.512666086354283
k4 = 5.432952870120717 +/- 1.7647589036536395
k5 = 34.03020152908091 +/- 1.6411166304266942
k6 = 54.494173945437794 +/- 18.82156168961951

Tangential Distortion
p1 = 0.002327589152051841 /- 0.00023663374636661826
p2 = 0.00173681735772714 /- 0.00023103799148299232

Thin Prism Distortion:
s1 = -0.0019269433449826353 +/- 0.0003387238438884582
s2 = 0.0004014534678305576 +/- 0.00026982153303271725
s3 = -0.0016699985350403102 +/- 0.0002767201119488004
s4 = -0.001299866748434332 +/- 0.00025954395046251386

