RMS reprojection error = 0.345330900310152
sharpness = 15.040772398312887

Camera Matrix:
fx = 2699.401502675404 +/- 1.142238747841042
fy = 2699.513641634066 +/- 1.445110436110249
cx = 1639.1049954017715 +/- 1.8644063377839184
cy = 1230.160703254861 +/- 2.193257002873325

Radial Distortion:
k1 = 1.940411411339252 +/- 2.68215877943899
k2 = 36.83178514709843 +/- 4.811200406342945
k3 = 10.263480719328271 +/- 25.72106260222695
k4 = 1.834767872773473 +/- 2.697600262651364
k5 = 35.273375374821015 +/- 4.254445930192658
k6 = 12.025820104437697 +/- 26.26601799742864

Tangential Distortion
p1 = 0.0023685277498684703 /- 0.0006573350512113096
p2 = 0.002381502126038678 /- 0.0006463509124111848

Thin Prism Distortion:
s1 = -0.0029959863780144964 +/- 0.0009436055190531972
s2 = 0.0005329326512583477 +/- 0.0007598622559632276
s3 = -0.0018670918053675007 +/- 0.0007692519952815872
s4 = -0.0012575843492693304 +/- 0.0007261822945528211

