RMS reprojection error = 0.21711163435441347
sharpness = 8.716996884346008

Camera Matrix:
fx = 2699.24443255227 +/- 0.8547539125797193
fy = 2699.4737471632398 +/- 1.0331762346395479
cx = 1638.3211180334933 +/- 2.248867917939112
cy = 1231.4999584603358 +/- 2.4310663559782433

Radial Distortion:
k1 = -1.0969743730498591 +/- 4.7847374675435645
k2 = 36.94179957160468 +/- 5.4561714767997715
k3 = -48.45541763757837 +/- 75.17517989734544
k4 = -1.2143228014732037 +/- 4.796878835908414
k5 = 36.01787539852517 +/- 5.902482251048934
k6 = -46.480873254246596 +/- 75.23543781299027

Tangential Distortion
p1 = 0.0026113267941036355 /- 0.0006972905556419389
p2 = 0.0016719856402760953 /- 0.0006842665899436752

Thin Prism Distortion:
s1 = -0.001612910071784075 +/- 0.0007140431107610129
s2 = -0.00014084763139296592 +/- 0.0019258570016513496
s3 = -0.0021135922073305053 +/- 0.0006302898612959827
s4 = -0.00200117259828531 +/- 0.0012854836237136177

