RMS reprojection error = 0.11980754220210295
sharpness = 1.8344258546829224

Camera Matrix:
fx = 2700.2251585850904 +/- 0.4783407140777957
fy = 2700.391035230189 +/- 0.5796384891157816
cx = 1638.6361120333268 +/- 1.2401340971033108
cy = 1230.0472739347842 +/- 1.3302947343628926

Radial Distortion:
k1 = 4.878007842783491 +/- 1.1327435646539799
k2 = 36.22171333378251 +/- 2.76656620661523
k3 = 48.35541354232098 +/- 0.24889503023045112
k4 = 4.780421153915872 +/- 1.1403531973199275
k5 = 34.04378522577756 +/- 2.4852934489340606
k6 = 50.42380765837942 +/- 0.35930839679864207

Tangential Distortion
p1 = 0.0020118760693534237 /- 0.0003815813910835142
p2 = 0.0017169330064419105 /- 0.00037798741223433747

Thin Prism Distortion:
s1 = -0.0017629566261444848 +/- 0.0003945410663507668
s2 = 0.0003587516392124236 +/- 0.0010534510562310296
s3 = -0.0015006253222146313 +/- 0.00034560399619356415
s4 = -0.0009999590925117794 +/- 0.0007092698590412933

