RMS reprojection error = 0.3115706669609698
sharpness = 14.742935991287231

Camera Matrix:
fx = 2699.634796763772 +/- 1.235669055389344
fy = 2700.20547923816 +/- 1.4994546494364513
cx = 1642.0470481609855 +/- 3.2117296222411786
cy = 1230.8449458771868 +/- 3.4481794460773245

Radial Distortion:
k1 = 4.7867077535646185 +/- 2.785958028480783
k2 = 33.44428374787857 +/- 6.805380099669677
k3 = 69.25088016637619 +/- 0.6143374069890873
k4 = 4.690017245312842 +/- 2.804808235108335
k5 = 31.36735547007863 +/- 6.1403121107677165
k6 = 70.78080980418243 +/- 0.9374357591109196

Tangential Distortion
p1 = 0.00222046581356131 /- 0.000988710402415428
p2 = 0.002713970469034645 /- 0.0009773370566068533

Thin Prism Distortion:
s1 = -0.002485522870584054 +/- 0.0010233251443395816
s2 = -0.0033802939054206897 +/- 0.0027275292629837865
s3 = -0.0014327664712618672 +/- 0.0008988169019281205
s4 = -0.0016707695361625286 +/- 0.0018342836688938018

