RMS reprojection error = 0.27949344918974295
sharpness = 13.522547721862793

Camera Matrix:
fx = 2700.0651105210695 +/- 0.9407545607983402
fy = 2700.940832949258 +/- 1.187290489756436
cx = 1638.8768494965968 +/- 1.557396036317188
cy = 1232.6859868010736 +/- 1.774427624971815

Radial Distortion:
k1 = 3.7713065842330376 +/- 3.068417864077969
k2 = 36.49949903651553 +/- 3.979659766652872
k3 = 32.869422321028374 +/- 32.00404647150695
k4 = 3.669043438712384 +/- 3.08345850189767
k5 = 34.56514028082587 +/- 3.457467477317044
k6 = 34.813071167407315 +/- 32.54429013124898

Tangential Distortion
p1 = 0.0032370250510677283 /- 0.0005446114704504097
p2 = 0.0021449320103600488 /- 0.0005488691371678861

Thin Prism Distortion:
s1 = -0.002525416405211139 +/- 0.0007936750747669434
s2 = 0.00046607137599279113 +/- 0.0006209196141438531
s3 = -0.002934787333887943 +/- 0.0006384339082523766
s4 = -0.0014359649502163534 +/- 0.0005830652946593663

