RMS reprojection error = 0.15007559527417802
sharpness = 3.5403385162353516

Camera Matrix:
fx = 2700.5847331399655 +/- 0.6224657775054302
fy = 2700.549271643767 +/- 0.7408771492432844
cx = 1638.4553407314543 +/- 1.5593363182385327
cy = 1230.555865486711 +/- 1.673799566091408

Radial Distortion:
k1 = 1.400353755851825 +/- 4.403158533345579
k2 = 39.68561100241491 +/- 4.767493211059023
k3 = -26.122011145757387 +/- 71.51298395391336
k4 = 1.296319927058207 +/- 4.4146939697824195
k5 = 38.12376928498357 +/- 5.22437790065504
k6 = -23.567596959288704 +/- 71.51769755096858

Tangential Distortion
p1 = 0.0022368120656812924 /- 0.0004799408494668326
p2 = 0.0017763313557381535 /- 0.0004741652442630166

Thin Prism Distortion:
s1 = -0.001768520899457463 +/- 0.0004943916898912299
s2 = -0.00013329351720597118 +/- 0.0013313332062373185
s3 = -0.0017908042906099393 +/- 0.000434634820797648
s4 = -0.000987275921116216 +/- 0.0008887614544021686

