RMS reprojection error = 0.19084837037224536
sharpness = 7.072435120741527

Camera Matrix:
fx = 2699.8359978655685 +/- 0.6574651849702519
fy = 2699.7876610511266 +/- 0.8215778154001305
cx = 1637.9052842065287 +/- 1.0311358166923266
cy = 1230.2975006819306 +/- 1.2166258958684464

Radial Distortion:
k1 = 4.230189618289 +/- 2.2977484177452667
k2 = 35.501209752579385 +/- 2.9096254613687034
k3 = 35.63224190178501 +/- 23.138607434093107
k4 = 4.124835265286208 +/- 2.308834141639301
k5 = 33.52527541808117 +/- 2.5018064792140495
k6 = 37.64610750757065 +/- 23.565702791756117

Tangential Distortion
p1 = 0.0023959406074792818 /- 0.00036443568925615674
p2 = 0.0016232924105762285 /- 0.000357080113155347

Thin Prism Distortion:
s1 = -0.0017187060874500446 +/- 0.0005219348209859388
s2 = 0.0005668357547688564 +/- 0.0004184207720373758
s3 = -0.0017971807316615408 +/- 0.0004259099290083892
s4 = -0.0010555067168868592 +/- 0.000401037760621851

