RMS reprojection error = 0.4409633718959245
sharpness = 14.545576763153075

Camera Matrix:
fx = 2700.5895969436788 +/- 1.8341364868970274
fy = 2699.5976361736575 +/- 2.1976555825720117
cx = 1632.8274989628335 +/- 4.514654092185762
cy = 1227.9000340913408 +/- 4.8648515063478595

Radial Distortion:
k1 = 9.192418318314564 +/- 5.3479267771995325
k2 = 39.27569409120778 +/- 12.153612602972764
k3 = 85.88588184085327 +/- 1.2407708319341475
k4 = 9.11641894650872 +/- 5.38373180129482
k5 = 36.0400024322055 +/- 10.878226020345554
k6 = 89.06987333949257 +/- 1.604813349902743

Tangential Distortion
p1 = 0.0020167472518402927 /- 0.001395933504819774
p2 = 3.997454921289148e-05 /- 0.0013793715527986971

Thin Prism Distortion:
s1 = -0.000857476502799413 +/- 0.0014483610295295782
s2 = 0.004901210567089625 +/- 0.003859859189222848
s3 = -0.0020951119907771346 +/- 0.0012660618694213246
s4 = 0.0023957653615957726 +/- 0.0026114831831965837

