RMS reprojection error = 0.2690703096438477
sharpness = 12.220703840255737

Camera Matrix:
fx = 2700.564001393396 +/- 1.1153517205248988
fy = 2700.7518073101473 +/- 1.3380988415410708
cx = 1639.822022552281 +/- 2.7765643211018673
cy = 1228.7789754347357 +/- 2.9696474181525536

Radial Distortion:
k1 = 10.617242041330075 +/- 3.3578049509677053
k2 = 29.636712677071973 +/- 6.923123639818954
k3 = 140.29513542410095 +/- 0.8115682105825882
k4 = 10.5339470008438 +/- 3.3790646461377114
k5 = 26.394749045532983 +/- 6.2015675774219226
k6 = 142.61164973735941 +/- 1.0333093072432553

Tangential Distortion
p1 = 0.0018239735086583316 /- 0.0008525650537012948
p2 = 0.001555411612327314 /- 0.000845734868472417

Thin Prism Distortion:
s1 = -0.001220335222401988 +/- 0.0008836487988395179
s2 = -0.0012302747133369988 +/- 0.002372302023304102
s3 = -0.0010807747156943055 +/- 0.0007744508070764448
s4 = -0.0011505632063024138 +/- 0.0015907903090900154

