RMS reprojection error = 0.19711449426286864
sharpness = 7.803187561035156

Camera Matrix:
fx = 2700.408365281694 +/- 0.8195885833703472
fy = 2700.6777510400066 +/- 0.9746107455041658
cx = 1639.1642966994054 +/- 2.0364876996673074
cy = 1229.0861126689986 +/- 2.2025914659098937

Radial Distortion:
k1 = 1.1554694137628632 +/- 6.949805134173289
k2 = 40.81223821536037 +/- 7.9300255743651356
k3 = -7.845406426370388 +/- 145.8700887596472
k4 = 1.0509324415492372 +/- 6.965032977141931
k5 = 39.30314987974845 +/- 8.804456479347738
k6 = -5.987247943932793 +/- 144.91664192360955

Tangential Distortion
p1 = 0.0020117956049827508 /- 0.0006322676551062335
p2 = 0.0022063588028324093 /- 0.0006219359179372716

Thin Prism Distortion:
s1 = -0.0022629278333106727 +/- 0.0006505558956208285
s2 = -0.0007280278462692255 +/- 0.0017293382272085206
s3 = -0.0015954560284171843 +/- 0.000571379660876009
s4 = -0.0008877146746905494 +/- 0.0011665099227729013

