RMS reprojection error = 0.7630636406224315
sharpness = 16.521086597442626

Camera Matrix:
fx = 2701.646152044747 +/- 3.2328195886725997
fy = 2702.242759762001 +/- 3.8592969040486147
cx = 1637.3353001168175 +/- 8.143837303052363
cy = 1225.2934660562892 +/- 8.597637838948518

Radial Distortion:
k1 = 11.340561009165507 +/- 10.84169022453122
k2 = 38.35184064990682 +/- 22.389639717582824
k3 = 104.51931569450322 +/- 2.605130013997908
k4 = 11.266320744649079 +/- 10.910028282032384
k5 = 34.723843847152445 +/- 19.93710475170449
k6 = 107.8418673417408 +/- 2.938618404548557

Tangential Distortion
p1 = 0.0017039270566038757 /- 0.0024613278421052125
p2 = 0.0016838663224011984 /- 0.0024644725286313233

Thin Prism Distortion:
s1 = -0.002262005987913566 +/- 0.002532998010662937
s2 = -0.0027351713196374665 +/- 0.006801604801565675
s3 = -0.002506831617102985 +/- 0.0022195906918713345
s4 = 0.003027888632622099 +/- 0.004526803982870619

