RMS reprojection error = 0.15626432403798965
sharpness = 4.009032678604126

Camera Matrix:
fx = 2700.640176331897 +/- 0.6255461254469676
fy = 2700.8141882816935 +/- 0.7575451662808034
cx = 1638.3970624057113 +/- 1.6173875613886783
cy = 1230.3298554587277 +/- 1.7352337919943237

Radial Distortion:
k1 = 5.097021023861531 +/- 1.4986826917764178
k2 = 36.27003481237006 +/- 3.592407524128269
k3 = 49.686398122845276 +/- 0.3312266697841584
k4 = 5.002017800210027 +/- 1.508769068519193
k5 = 34.03108875169552 +/- 3.2245336248881933
k6 = 51.854379386130375 +/- 0.4761123790442353

Tangential Distortion
p1 = 0.0020997430212008395 /- 0.0004975985226648146
p2 = 0.001745054618311321 /- 0.0004925675191404795

Thin Prism Distortion:
s1 = -0.001724091410481275 +/- 0.00051428578840141
s2 = 0.00018594077060461823 +/- 0.0013749130432939578
s3 = -0.0015559977756090825 +/- 0.00045091951039298236
s4 = -0.0004562272553572638 +/- 0.000924832728069191

