RMS reprojection error = 0.593892570874505
sharpness = 15.912253475189209

Camera Matrix:
fx = 2700.5438007445355 +/- 2.4494789194521682
fy = 2700.0813573089204 +/- 2.9402060141910016
cx = 1641.153301214406 +/- 5.95891919205375
cy = 1231.299790540705 +/- 6.3920425729154005

Radial Distortion:
k1 = 8.621432128455593 +/- 6.641449390902945
k2 = 35.422631587506885 +/- 14.969672523462632
k3 = 103.64639271344693 +/- 1.5603811232901617
k4 = 8.54390918926386 +/- 6.6868335441619
k5 = 32.37133912088944 +/- 13.43087062854984
k6 = 106.35188945951458 +/- 2.188443600057401

Tangential Distortion
p1 = 0.002068246062976349 /- 0.0018439881056958123
p2 = 0.0030246446114637854 /- 0.0018307040239013532

Thin Prism Distortion:
s1 = -0.0030685549209061047 +/- 0.001937055575061232
s2 = 0.00013344878331386387 +/- 0.005198175275765089
s3 = -0.0013641946085907288 +/- 0.001689466767180318
s4 = -0.003158009303457151 +/- 0.003500536191161961

