RMS reprojection error = 0.11750104824832332
sharpness = 1.8272034575541813

Camera Matrix:
fx = 2700.073524232486 +/- 0.4028742269647009
fy = 2700.2727582814027 +/- 0.5054286610538798
cx = 1639.0122554559275 +/- 0.6530214252652619
cy = 1231.5363956688107 +/- 0.7448510682859552

Radial Distortion:
k1 = 4.963106946970067 +/- 1.5370480678536145
k2 = 35.85939307465488 +/- 1.683077278163498
k3 = 46.826122946525395 +/- 16.251200887979174
k4 = 4.864343491171006 +/- 1.5441623740868227
k5 = 33.68775770395058 +/- 1.4559103199884866
k6 = 48.94042960632857 +/- 16.5167320952125

Tangential Distortion
p1 = 0.0024246323926282558 /- 0.0002286814944341533
p2 = 0.0018982314683239723 /- 0.00023017219053062262

Thin Prism Distortion:
s1 = -0.0020910632753765087 +/- 0.00033343293736244617
s2 = 0.00033345901630877343 +/- 0.0002604123249878369
s3 = -0.0016653742820690646 +/- 0.00026834631041527035
s4 = -0.001351879926744196 +/- 0.00024481989960699834

