RMS reprojection error = 0.613105386468282
sharpness = 15.329052495956422

Camera Matrix:
fx = 2700.9640847541373 +/- 2.4632396940796992
fy = 2703.6052474443723 +/- 2.981796630597041
cx = 1644.9714319391264 +/- 6.635976038606678
cy = 1232.157081026212 +/- 7.03069518018886

Radial Distortion:
k1 = 4.831633042467851 +/- 6.173060647241271
k2 = 37.88088399947479 +/- 15.84965147318912
k3 = 52.0244091134785 +/- 1.3593855731763642
k4 = 4.726495084011513 +/- 6.212528470593645
k5 = 35.76675516615258 +/- 14.29346933752013
k6 = 53.55716086043049 +/- 1.736092611299609

Tangential Distortion
p1 = 0.0021004239713711304 /- 0.00200450127347958
p2 = 0.004471192974851486 /- 0.0020075353433249335

Thin Prism Distortion:
s1 = -0.003834437494631214 +/- 0.0020511992414421866
s2 = -0.004012171249136062 +/- 0.005449150847200312
s3 = -0.0022100073170701457 +/- 0.0017969045879402585
s4 = -0.0011590125472826047 +/- 0.0036423896749645294

