RMS reprojection error = 0.9898266990089538
sharpness = 12.420391718546549

Camera Matrix:
fx = 2700.632158519089 +/- 3.957003187058798
fy = 2702.9879336956665 +/- 4.761189234936414
cx = 1644.5379316362491 +/- 5.495264818859304
cy = 1229.2333349136522 +/- 6.2746029725133345

Radial Distortion:
k1 = 15.2636339298817 +/- 23.738871956907797
k2 = 48.73482804871052 +/- 21.002890097342327
k3 = 145.5007561906963 +/- 251.5806847588664
k4 = 15.243044200151143 +/- 23.864795632860606
k5 = 43.88017434754856 +/- 18.335556655823105
k6 = 150.06904042714785 +/- 255.87053042250386

Tangential Distortion
p1 = 0.0026644789428046677 /- 0.0019191756475713418
p2 = 0.003751303349613145 /- 0.0019306778005846628

Thin Prism Distortion:
s1 = -0.00403951485480618 +/- 0.00280330250703281
s2 = -0.0004360684871339273 +/- 0.002182181694776071
s3 = -0.0023585439234112674 +/- 0.002255833485562959
s4 = -0.0005429533946288914 +/- 0.0020478074618822204

