RMS reprojection error = 0.35784464277127553
sharpness = 13.376524066925048

Camera Matrix:
fx = 2700.8539189752164 +/- 1.3894216591607345
fy = 2700.5831777205767 +/- 1.694941664497006
cx = 1639.723059001141 +/- 3.6955006907962393
cy = 1231.8343475044542 +/- 4.010210147789356

Radial Distortion:
k1 = 3.3988378732673072 +/- 2.795078612847585
k2 = 29.964933335678893 +/- 7.109783407469224
k3 = 69.88605045392019 +/- 0.6091494665322701
k4 = 3.2910404978699734 +/- 2.813828962178697
k5 = 28.325839251439948 +/- 6.442019908994332
k6 = 70.64933378499663 +/- 0.980267023971828

Tangential Distortion
p1 = 0.0022709738640417382 /- 0.0011471589773814081
p2 = 0.002178815578288767 /- 0.0011235589345715091

Thin Prism Distortion:
s1 = -0.0021185527674689683 +/- 0.0011773354698141369
s2 = -0.0011658630237892217 +/- 0.0031224854828382706
s3 = -0.0014579234554323926 +/- 0.001037951051411812
s4 = -0.002535011698488857 +/- 0.0021135215148911342

