RMS reprojection error = 0.7357381461152601
sharpness = 15.645416657129923

Camera Matrix:
fx = 2699.8185569398274 +/- 2.5177395045068955
fy = 2700.6658211604367 +/- 3.1607970945011568
cx = 1640.0563150858338 +/- 4.071209336578031
cy = 1226.762929382745 +/- 4.635708267468432

Radial Distortion:
k1 = 4.404625230774753 +/- 7.661545603126649
k2 = 42.81688367650473 +/- 11.425588531114887
k3 = 34.93113191924845 +/- 78.42565034815337
k4 = 4.325302893575991 +/- 7.705207753435422
k5 = 40.47433395080702 +/- 10.038224780751746
k6 = 37.35760049953005 +/- 79.86834855275379

Tangential Distortion
p1 = 0.001795233879683654 /- 0.0014260068963143572
p2 = 0.0021500575777585592 /- 0.0014390717888164428

Thin Prism Distortion:
s1 = -0.002152297922948864 +/- 0.0020845352035926837
s2 = 7.666327380508335e-05 +/- 0.0016303522763395641
s3 = -0.0013679876506452954 +/- 0.001676370155727714
s4 = -7.959283889826956e-05 +/- 0.0015296358973474191

