RMS reprojection error = 0.14208035017681192
sharpness = 3.0622887134552004

Camera Matrix:
fx = 2700.1624790038345 +/- 0.5742647886943256
fy = 2700.35990587974 +/- 0.6934708444485438
cx = 1638.4661329346527 +/- 1.4723075891239858
cy = 1230.4920075892994 +/- 1.581623696185614

Radial Distortion:
k1 = 7.139696589338001 +/- 1.4988786279318853
k2 = 32.56096808715833 +/- 3.45905187164227
k3 = 95.98795532816717 +/- 0.3409223824046326
k4 = 7.044814382070396 +/- 1.5085601428754982
k5 = 30.026937098905023 +/- 3.1097539220189327
k6 = 97.78201877180787 +/- 0.472939081623089

Tangential Distortion
p1 = 0.002290838999700694 /- 0.0004530887811772851
p2 = 0.0017333084477031248 /- 0.00044827665183462973

Thin Prism Distortion:
s1 = -0.0018927510675168483 +/- 0.00046794284182015026
s2 = 0.0003114739342087432 +/- 0.0012490495917018547
s3 = -0.0019630891061170243 +/- 0.0004102687602660449
s4 = -0.0006618455973457201 +/- 0.0008408707297398587

