RMS reprojection error = 0.26296854854427193
sharpness = 12.439315934975943

Camera Matrix:
fx = 2699.451175794541 +/- 0.9123789208279303
fy = 2700.12294167781 +/- 1.138303121820479
cx = 1638.6730667180277 +/- 1.4108640497383367
cy = 1230.9776345270247 +/- 1.6721859351464234

Radial Distortion:
k1 = 4.716226553671452 +/- 3.6157864501904258
k2 = 33.30517615747775 +/- 3.764394705907763
k3 = 45.270955561783424 +/- 38.12789767799347
k4 = 4.607101545922967 +/- 3.631755560575057
k5 = 31.295148532464548 +/- 3.217197049333868
k6 = 47.20932226352321 +/- 38.75133952690597

Tangential Distortion
p1 = 0.002603466640408923 /- 0.0005021762512974802
p2 = 0.0017111727775149985 /- 0.0004900229190658411

Thin Prism Distortion:
s1 = -0.0015680399786760209 +/- 0.0007183718405929851
s2 = 0.0004165927449016215 +/- 0.0005739609113118223
s3 = -0.0019213575857526086 +/- 0.0005870037050542245
s4 = -0.0014427581154268993 +/- 0.0005517111480808787

