RMS reprojection error = 0.2714726249169982
sharpness = 13.163207769393921

Camera Matrix:
fx = 2700.718164788172 +/- 1.026699110501721
fy = 2700.3649523525055 +/- 1.2527125996576807
cx = 1638.1400463045693 +/- 1.510331948339743
cy = 1230.652475020578 +/- 1.7362543920872187

Radial Distortion:
k1 = 11.680800951946217 +/- 7.322494401583378
k2 = 32.904265235089056 +/- 4.3326769948143005
k3 = 130.75143712443605 +/- 84.59664604195854
k4 = 11.597171666813642 +/- 7.3498581812962565
k5 = 29.420355119090058 +/- 4.169257113547576
k6 = 133.55603856873876 +/- 85.63854522532014

Tangential Distortion
p1 = 0.002250244925319775 /- 0.0005310101370678559
p2 = 0.0018997678745398784 /- 0.0005306664093677325

Thin Prism Distortion:
s1 = -0.002296276282278824 +/- 0.0007707306379374603
s2 = 0.00037903599790503086 +/- 0.0005943738634860725
s3 = -0.001534607546807656 +/- 0.0006216859478367616
s4 = -0.0012940208971772215 +/- 0.000562903195166784

