RMS reprojection error = 0.14090100303342298
sharpness = 3.2748223543167114

Camera Matrix:
fx = 2699.973029713771 +/- 0.4800837870372807
fy = 2699.9948102925528 +/- 0.6033067485967839
cx = 1639.0910898562095 +/- 0.7853109074587726
cy = 1231.0111760183463 +/- 0.894832844022056

Radial Distortion:
k1 = 4.629325281174565 +/- 1.7900461967953674
k2 = 35.152508438988434 +/- 1.986031343014252
k3 = 42.96519854411997 +/- 18.719676739406257
k4 = 4.527705132099095 +/- 1.7982663412522075
k5 = 33.08670171327068 +/- 1.717040663672572
k6 = 45.00539530151199 +/- 19.03296464709455

Tangential Distortion
p1 = 0.0021575350671863033 /- 0.00027443262575408783
p2 = 0.0019854179195635206 /- 0.00027635985402828337

Thin Prism Distortion:
s1 = -0.002012482949731928 +/- 0.00040002283681898855
s2 = 0.00016386427965064108 +/- 0.0003126830884010968
s3 = -0.0013383884761058629 +/- 0.00032193201067512147
s4 = -0.0013281263262982894 +/- 0.00029370050224508394

