RMS reprojection error = 0.2967917266951679
sharpness = 14.083660364151001

Camera Matrix:
fx = 2700.409363086973 +/- 1.22127350983323
fy = 2700.557801179603 +/- 1.4580040968391264
cx = 1635.9750551408451 +/- 3.107115799841793
cy = 1234.1939237122276 +/- 3.3374377349701487

Radial Distortion:
k1 = 1.3371581718443255 +/- 8.01566571324371
k2 = 37.16705409074098 +/- 8.043625122391852
k3 = -37.37434290566463 +/- 104.91653954682897
k4 = 1.2263229415633494 +/- 8.037635073360672
k5 = 35.70121338922171 +/- 8.689053737998405
k6 = -34.584538204343374 +/- 105.55722458458133

Tangential Distortion
p1 = 0.003223195655666446 /- 0.0009547959530250047
p2 = 0.001016581769764812 /- 0.0009420543808701446

Thin Prism Distortion:
s1 = -0.0018923255237371219 +/- 0.0009779351449455739
s2 = 0.0037090765903560387 +/- 0.0026531649269330173
s3 = -0.0025181303731753872 +/- 0.0008615774204099985
s4 = -0.001321989597633926 +/- 0.0017639640888877737

