RMS reprojection error = 0.14226090344138517
sharpness = 3.1693849762280784

Camera Matrix:
fx = 2699.848268948189 +/- 0.4831376803990403
fy = 2699.7423471477887 +/- 0.6077111823032811
cx = 1638.8915519056347 +/- 0.7924766971507752
cy = 1231.8366274425866 +/- 0.9043313912085158

Radial Distortion:
k1 = 4.5139581029304034 +/- 1.8574434743230692
k2 = 33.567065402716075 +/- 1.910500538048996
k3 = 43.962532593248376 +/- 19.729406505404587
k4 = 4.408386299470221 +/- 1.865600154969769
k5 = 31.585064838321195 +/- 1.654945912979378
k6 = 45.88928421428861 +/- 20.04474938817298

Tangential Distortion
p1 = 0.002202616392862781 /- 0.0002772431630422527
p2 = 0.0019162482284163342 /- 0.0002788090191173445

Thin Prism Distortion:
s1 = -0.002254520600531344 +/- 0.0004038428378612479
s2 = 0.0004983234376083152 +/- 0.0003151531580895886
s3 = -0.0012809703712096281 +/- 0.0003251535125568983
s4 = -0.0013049045630037144 +/- 0.000296389390217962

