RMS reprojection error = 0.3458244408999448
sharpness = 15.184222422148052

Camera Matrix:
fx = 2699.6090858178204 +/- 1.377496015961484
fy = 2700.7682816378115 +/- 1.714960284096652
cx = 1639.6905496261875 +/- 3.734029748253761
cy = 1232.4838700362957 +/- 3.910883926684472

Radial Distortion:
k1 = 3.243595643033155 +/- 2.9939839307971003
k2 = 32.369031673414646 +/- 7.160980043481009
k3 = 30.40178046128629 +/- 0.6505962664489924
k4 = 3.132744597777784 +/- 3.0137199687895118
k5 = 30.663586097745352 +/- 6.407254559367971
k6 = 32.2196818892531 +/- 0.993221279587889

Tangential Distortion
p1 = 0.002912571734476381 /- 0.0011294747500213468
p2 = 0.0024100975728710483 /- 0.0011395055102822696

Thin Prism Distortion:
s1 = -0.002189745362916156 +/- 0.0011772521465763877
s2 = -0.0004062521950515354 +/- 0.0032036315247790624
s3 = -0.001996780606208123 +/- 0.0010243035732000214
s4 = -0.002621042287737297 +/- 0.002088743137613167

