RMS reprojection error = 0.3810921243962542
sharpness = 13.457156991958618

Camera Matrix:
fx = 2699.683933695308 +/- 1.396135927693659
fy = 2699.979064170262 +/- 1.7284216446033716
cx = 1636.7514742119758 +/- 3.907809615416398
cy = 1233.0407587137488 +/- 4.3221309657495715

Radial Distortion:
k1 = -4.05760316920983 +/- 2.4073076307440506
k2 = 42.02755384076186 +/- 6.295757333036227
k3 = -98.6436738320266 +/- 31.350724507837327
k4 = -4.175546656656043 +/- 2.41858117899058
k5 = 41.57544197743347 +/- 5.9351020255872164
k6 = -96.6282324602991 +/- 31.28367374905016

Tangential Distortion
p1 = 0.0027213340255220924 /- 0.0012336342327168455
p2 = 0.0011857376188973408 /- 0.0011911974308124412

Thin Prism Distortion:
s1 = -0.0015264879871789644 +/- 0.001251775604475987
s2 = 0.0008889933566896419 +/- 0.003343547167626369
s3 = -0.002079503123484236 +/- 0.0011116660924401062
s4 = -0.0010468262053246174 +/- 0.0022520778128668232

