RMS reprojection error = 0.17976182554039685
sharpness = 6.510559773445129

Camera Matrix:
fx = 2700.0687482858953 +/- 0.7268229533337118
fy = 2700.0960476508053 +/- 0.8714418035651841
cx = 1639.8802259881816 +/- 1.869653279835552
cy = 1232.3481218532108 +/- 2.0222952031787154

Radial Distortion:
k1 = -0.009437874333798087 +/- 6.440918114805953
k2 = 34.795664494889536 +/- 7.666992966985608
k3 = -16.020492969755868 +/- 124.0738134485476
k4 = -0.12813105629423557 +/- 6.452769556671972
k5 = 33.74002084307265 +/- 8.582154620504886
k6 = -14.514056809023684 +/- 123.53107380699548

Tangential Distortion
p1 = 0.002733481485154337 /- 0.0005791892422674765
p2 = 0.0021046803304103794 /- 0.000568664289762325

Thin Prism Distortion:
s1 = -0.002092840233906204 +/- 0.0005929353070236195
s2 = -0.0005663005287287163 +/- 0.0015897480418672666
s3 = -0.0020119799399817375 +/- 0.0005226897136098067
s4 = -0.0022088764178922957 +/- 0.0010657105264085091

