RMS reprojection error = 0.3562960345362277
sharpness = 12.603078524271647

Camera Matrix:
fx = 2700.599579446492 +/- 1.2338900643379653
fy = 2699.7477935803936 +/- 1.5418075475400776
cx = 1639.8271489907713 +/- 2.0034369008903656
cy = 1228.5979288218218 +/- 2.2706373245370304

Radial Distortion:
k1 = 5.524254549063733 +/- 4.732634254363762
k2 = 38.35181599596508 +/- 5.823534030852436
k3 = 45.65369279276077 +/- 47.3059952964299
k4 = 5.429841467738383 +/- 4.755399181661439
k5 = 36.0028736634145 +/- 5.0065689220726775
k6 = 48.00562797162438 +/- 48.17310480535495

Tangential Distortion
p1 = 0.0018424749483770381 /- 0.0006955536477992911
p2 = 0.0020293847189076617 /- 0.0007031773969697125

Thin Prism Distortion:
s1 = -0.0021258014674355374 +/- 0.001013531857683473
s2 = -0.00031949004948888913 +/- 0.0007960449612281251
s3 = -0.0014740136870800965 +/- 0.000814815497042023
s4 = -0.0005026512526987496 +/- 0.0007452110035304626

