RMS reprojection error = 1.0820995675946752
sharpness = 16.81242437362671

Camera Matrix:
fx = 2698.700023558415 +/- 3.706927005400741
fy = 2699.045165188098 +/- 4.656236169454159
cx = 1638.8132633665807 +/- 10.521002518148144
cy = 1226.3033502434198 +/- 12.150635493067224

Radial Distortion:
k1 = -5.337847684042535 +/- 1.2075560773498204
k2 = 22.290855656646915 +/- 15.127914248914577
k3 = -41.549311306631076 +/- 69.75406167482384
k4 = -5.4919224956711465 +/- 1.1856430554048913
k5 = 22.839343538990505 +/- 14.765062647094457
k6 = -41.919211962728355 +/- 68.11871452844319

Tangential Distortion
p1 = 0.00022410673426500336 /- 0.003463200798195602
p2 = 0.000526154372980487 /- 0.0032293153584234194

Thin Prism Distortion:
s1 = 0.0013879889488039592 +/- 0.0034955812662377794
s2 = 0.0005986377517127245 +/- 0.009445201425737846
s3 = 0.00025867168936500126 +/- 0.0031463579570772384
s4 = -0.002318092160418469 +/- 0.006386580731962918

