RMS reprojection error = 0.326663606031643
sharpness = 15.670968818664551

Camera Matrix:
fx = 2700.4082346295254 +/- 1.3535327708404816
fy = 2700.8433680448484 +/- 1.6243857735155014
cx = 1638.6392302854151 +/- 3.3515627742444014
cy = 1234.3721300950604 +/- 3.5756609508006694

Radial Distortion:
k1 = 8.915779388712943 +/- 3.9470063079001565
k2 = 35.861718097730574 +/- 8.486742283314813
k3 = 89.10306225277529 +/- 0.9324672478627936
k4 = 8.833113454217582 +/- 3.9727903931567012
k5 = 32.76779127270386 +/- 7.568205548489931
k6 = 92.0798182901217 +/- 1.2016477211361236

Tangential Distortion
p1 = 0.0028658044359383874 /- 0.0010284266032313972
p2 = 0.0018961677507624316 /- 0.00102439356241768

Thin Prism Distortion:
s1 = -0.0019025743735933 +/- 0.0010712485089763753
s2 = 0.0006370118924561017 +/- 0.0028877756578571784
s3 = -0.0022753789194250537 +/- 0.0009352219567971242
s4 = -0.002348097267501819 +/- 0.0019336172099499878

