RMS reprojection error = 0.2422049888401016
sharpness = 10.893456478913626

Camera Matrix:
fx = 2699.3174870909056 +/- 0.8496616797223797
fy = 2699.3717495610204 +/- 1.0564699616374444
cx = 1640.4409604391026 +/- 1.3009589580080527
cy = 1230.2630767072485 +/- 1.5420261216295115

Radial Distortion:
k1 = 5.2525814712714824 +/- 3.441202065899871
k2 = 34.538905327068164 +/- 3.5566220888966598
k3 = 50.39194252238076 +/- 36.214073538857605
k4 = 5.150840618883134 +/- 3.456814440495725
k5 = 32.36242443963241 +/- 3.0508361131233483
k6 = 52.500964246226 +/- 36.81679742858149

Tangential Distortion
p1 = 0.0022527747046635497 /- 0.00046216366614986116
p2 = 0.002022372741656668 /- 0.0004510459446239473

Thin Prism Distortion:
s1 = -0.0018799687714621052 +/- 0.0006614414546669687
s2 = -0.0003280436509674028 +/- 0.000527310843738619
s3 = -0.0015980072186918331 +/- 0.0005404535935405556
s4 = -0.001126761836620991 +/- 0.0005070634554959467

