RMS reprojection error = 0.10861501772983753
sharpness = 1.5464904189109803

Camera Matrix:
fx = 2700.4305054649694 +/- 0.43081484172310447
fy = 2700.6527138333486 +/- 0.5230334972076036
cx = 1638.9189666505968 +/- 1.1272659892498678
cy = 1230.1661657807845 +/- 1.2094892793698648

Radial Distortion:
k1 = 4.1915667572695 +/- 0.9825308212364787
k2 = 35.96806178688978 +/- 2.4313661542629186
k3 = 39.95351756686962 +/- 0.21316355572832973
k4 = 4.091293196727432 +/- 0.9891516476917479
k5 = 33.95080375257808 +/- 2.185297961823241
k6 = 41.92040111343182 +/- 0.31430511864114363

Tangential Distortion
p1 = 0.002098080438562715 /- 0.0003466403943152254
p2 = 0.0018404811594793958 /- 0.000343183215024811

Thin Prism Distortion:
s1 = -0.0018777061332276234 +/- 0.0003579044656751036
s2 = 5.288077586977628e-05 +/- 0.0009555182457615329
s3 = -0.001570393191701873 +/- 0.0003137807603785855
s4 = -0.001128687396329963 +/- 0.0006431053643605631

