RMS reprojection error = 0.16357121377651532
sharpness = 4.5291234970092775

Camera Matrix:
fx = 2699.99254055544 +/- 0.7020081339808795
fy = 2699.99949623743 +/- 0.8274442622281368
cx = 1639.3316210156709 +/- 1.694951105500727
cy = 1230.4153428234204 +/- 1.8241617333466509

Radial Distortion:
k1 = 3.207797114876354 +/- 6.763426798747526
k2 = 38.263354302438316 +/- 7.668048916533393
k3 = 17.577915866502856 +/- 128.39339437703944
k4 = 3.107607732863545 +/- 6.778590271230069
k5 = 36.37676973170105 +/- 8.59061527220027
k6 = 19.7271075328847 +/- 127.8962914562677

Tangential Distortion
p1 = 0.002007233823021068 /- 0.0005233770924122765
p2 = 0.0020526072555768758 /- 0.0005164901197834729

Thin Prism Distortion:
s1 = -0.0022067349444793525 +/- 0.0005392066313938402
s2 = -0.00011434627735882591 +/- 0.0014429648609230548
s3 = -0.0015765937455587966 +/- 0.0004736274936530473
s4 = -0.0006011500691135578 +/- 0.0009678232628522334

