RMS reprojection error = 0.13793223879733657
sharpness = 1.8520703862110774

Camera Matrix:
fx = 2700.0283208573737 +/- 0.4827124902140878
fy = 2700.190822448571 +/- 0.5366721816433399
cx = 1639.1994896785022 +/- 0.7471745320814724
cy = 1231.83745452543 +/- 0.8633115848446066

Radial Distortion:
k1 = 3.906041598116885 +/- 1.5826359913989447
k2 = 34.98106445064595 +/- 1.8715398826702232
k3 = 35.94353256355428 +/- 16.57317689712461
k4 = 3.802567967417488 +/- 1.590106340366565
k5 = 33.071817076925704 +/- 1.6253475921011322
k6 = 37.867177917296985 +/- 16.853406856069064

Tangential Distortion
p1 = 0.002194579242948281 /- 0.0002440016669425296
p2 = 0.0017179967554255958 /- 0.00022552197107529953

Thin Prism Distortion:
s1 = -0.0013994084713269813 +/- 0.00030555962971262125
s2 = 0.0001910842255524954 +/- 0.00030612630519110296
s3 = -0.001305952864730357 +/- 0.0002841438023011911
s4 = -0.0014690753569575243 +/- 0.0002839738345727909

