RMS reprojection error = 0.11848914203226636
sharpness = 1.7554092824459075

Camera Matrix:
fx = 2700.386512535836 +/- 0.4741197869374525
fy = 2700.4335221855945 +/- 0.5740508626311925
cx = 1639.1923676570748 +/- 1.2305733497779348
cy = 1229.87384166377 +/- 1.3209351393126052

Radial Distortion:
k1 = 5.982273250445381 +/- 1.1712980094381666
k2 = 32.43763926898939 +/- 2.7523278276117247
k3 = 79.92917318764974 +/- 0.26239824086260793
k4 = 5.882800357192614 +/- 1.1788925223320796
k5 = 30.159731548971706 +/- 2.474740863483777
k6 = 81.60720007182265 +/- 0.37410183545768116

Tangential Distortion
p1 = 0.0019068147389726363 /- 0.00037840186882653713
p2 = 0.001890279259735877 /- 0.0003744417125288341

Thin Prism Distortion:
s1 = -0.0019149933644333564 +/- 0.0003904906293973641
s2 = -0.0003387010420089327 +/- 0.001042471359707593
s3 = -0.0014583688353223326 +/- 0.0003425387361931297
s4 = -0.0010459357772491737 +/- 0.0007015090831555872

