RMS reprojection error = 0.3692952780267582
sharpness = 12.689455461502074

Camera Matrix:
fx = 2700.390290894636 +/- 1.6068100077342684
fy = 2701.173178145249 +/- 1.8879918051824602
cx = 1635.791754459746 +/- 3.7947836967333757
cy = 1228.6914735818532 +/- 4.116207665011505

Radial Distortion:
k1 = 4.224135036154782 +/- 16.282395460528786
k2 = 37.17398025718417 +/- 18.6874050386128
k3 = 31.666894880373604 +/- 299.3026096903851
k4 = 4.1264624510128 +/- 16.319349480766288
k5 = 35.09631380491297 +/- 20.979838804170562
k6 = 33.953704334142785 +/- 298.5120107142903

Tangential Distortion
p1 = 0.0017498843607927628 /- 0.0011796600422019554
p2 = 0.0011405561981863463 /- 0.0011579606067983795

Thin Prism Distortion:
s1 = -0.0016082669655856502 +/- 0.0012153155386383908
s2 = 0.003683898834781963 +/- 0.003248344185045004
s3 = -0.0014585313223858063 +/- 0.0010676115105817286
s4 = -1.0008717486589677e-05 +/- 0.002188261135208261

