RMS reprojection error = 0.228357611366861
sharpness = 10.239213367303213

Camera Matrix:
fx = 2700.0117537842348 +/- 0.7820350222776706
fy = 2699.590051399112 +/- 0.980979281472717
cx = 1638.4763569230827 +/- 1.263934029161643
cy = 1229.4257062237582 +/- 1.4441040856185674

Radial Distortion:
k1 = 4.875504724044063 +/- 2.9585573897316713
k2 = 35.949009320319774 +/- 3.271523014835638
k3 = 46.642862800833235 +/- 31.529460953925724
k4 = 4.776035905807754 +/- 2.97229312482032
k5 = 33.7918620104479 +/- 2.8298128931761646
k6 = 48.74434018713299 +/- 32.04244075360772

Tangential Distortion
p1 = 0.002036838031864318 /- 0.00044374334763053387
p2 = 0.0013161816755702534 /- 0.00044645235659427165

Thin Prism Distortion:
s1 = -0.001373086785728849 +/- 0.0006477163838202787
s2 = 0.0007819214064472542 +/- 0.0005041045637480913
s3 = -0.001556519734029843 +/- 0.0005212532528289238
s4 = -0.000898189398969747 +/- 0.0004748970136385893

