RMS reprojection error = 0.12084960249001842
sharpness = 1.7867967247962953

Camera Matrix:
fx = 2700.338714565011 +/- 0.5106123522755275
fy = 2700.7258602359716 +/- 0.6046015464996137
cx = 1638.8237266209571 +/- 1.2533524352888104
cy = 1230.7348171011593 +/- 1.3534238098147198

Radial Distortion:
k1 = 2.2696770680974176 +/- 4.897072595565427
k2 = 37.386854493518335 +/- 5.7393997528669365
k3 = 10.840946855378537 +/- 95.78406369206675
k4 = 2.1650435024306223 +/- 4.907367446595771
k5 = 35.738394348379586 +/- 6.421387360131347
k6 = 12.716522591701692 +/- 95.33720331284992

Tangential Distortion
p1 = 0.0022374334210871266 /- 0.0003878889806676534
p2 = 0.0017692173265079424 /- 0.00038160952341297793

Thin Prism Distortion:
s1 = -0.001814421520084649 +/- 0.00039853591144172775
s2 = -0.00021741033149271722 +/- 0.0010648942436821604
s3 = -0.001769458168275398 +/- 0.0003505623033268946
s4 = -0.0011685765030527485 +/- 0.0007152842765352296

