RMS reprojection error = 0.17278908010394198
sharpness = 5.6322064598401385

Camera Matrix:
fx = 2700.344501723782 +/- 0.6266839793640454
fy = 2699.519311502062 +/- 0.7732498779704428
cx = 1639.3183731825477 +/- 0.9573588001160617
cy = 1230.1852551504812 +/- 1.096430369897291

Radial Distortion:
k1 = 8.625100912193 +/- 3.3593036593544965
k2 = 35.69304311498902 +/- 2.651562469686136
k3 = 89.96673119987572 +/- 37.06464000691117
k4 = 8.539807365177591 +/- 3.37353817344705
k5 = 32.74087646153601 +/- 2.344910983271314
k6 = 92.62090676368007 +/- 37.60911117657797

Tangential Distortion
p1 = 0.002188390337049588 /- 0.00033610730871495804
p2 = 0.002254230858788844 /- 0.0003371572862757501

Thin Prism Distortion:
s1 = -0.002486628840484871 +/- 0.0004899301715206282
s2 = 0.0001384928685254247 +/- 0.00037952909015369205
s3 = -0.0015856241714564995 +/- 0.0003946557591862055
s4 = -0.0013577385529133308 +/- 0.00035834388744906

