RMS reprojection error = 0.38405731145679245
sharpness = 14.356510639190674

Camera Matrix:
fx = 2700.805265868536 +/- 1.6545095099979932
fy = 2701.5081504641007 +/- 1.9651392674648267
cx = 1638.6171301461711 +/- 3.9823446166601326
cy = 1233.0621168382509 +/- 4.245297752574055

Radial Distortion:
k1 = 13.121233393710126 +/- 5.56559492483654
k2 = 40.89071916551678 +/- 11.914610484924015
k3 = 139.59294255286272 +/- 1.330518597768287
k4 = 13.067942230290738 +/- 5.603015029569689
k5 = 36.759917514835585 +/- 10.67991752813786
k6 = 143.17780411819496 +/- 1.6214844610544281

Tangential Distortion
p1 = 0.002686826780283655 /- 0.0012145948780839936
p2 = 0.0013750815532984082 /- 0.001210911221626192

Thin Prism Distortion:
s1 = -0.001338648041268141 +/- 0.001263737812085338
s2 = -0.00010369773665491424 +/- 0.003374102235315542
s3 = -0.002166122428115898 +/- 0.0011035857574752755
s4 = -0.0007867499273548421 +/- 0.0022645317169901974

