RMS reprojection error = 0.1430352081322748
sharpness = 2.7017765045166016

Camera Matrix:
fx = 2700.3253961191476 +/- 0.577465161102714
fy = 2700.787657000725 +/- 0.6977655893858549
cx = 1637.3222994898063 +/- 1.4827812875041242
cy = 1230.8481875751597 +/- 1.5943055142702163

Radial Distortion:
k1 = 7.004917510976716 +/- 1.5060181836371125
k2 = 32.56351187447025 +/- 3.450459809005482
k3 = 90.63878551083906 +/- 0.34279384949589503
k4 = 6.9089576735518605 +/- 1.5157211714652854
k5 = 30.054751573464895 +/- 3.0982960758054476
k6 = 92.4957467167136 +/- 0.47176621791453877

Tangential Distortion
p1 = 0.0021642602878593343 /- 0.00045672973973380466
p2 = 0.0013604596907273408 /- 0.0004515596749549953

Thin Prism Distortion:
s1 = -0.001482057570240804 +/- 0.00047119912537152674
s2 = 0.0010180018245372487 +/- 0.0012581610097171883
s3 = -0.0016245007767860952 +/- 0.00041312603475374235
s4 = -0.0012613381520759032 +/- 0.0008473141613267934

