RMS reprojection error = 1.049331284790588
sharpness = 15.21480188369751

Camera Matrix:
fx = 2698.1468305788217 +/- 4.134192353759868
fy = 2702.6794406415847 +/- 5.0399272419359225
cx = 1637.1185636816106 +/- 10.399772144657353
cy = 1214.9693933152466 +/- 11.401663827172127

Radial Distortion:
k1 = 3.356493224464357 +/- 7.915649943074704
k2 = 42.87259741925193 +/- 24.903158922898605
k3 = 50.58046708994722 +/- 1.6521416443430499
k4 = 3.2661242759534095 +/- 7.976702090114348
k5 = 40.8069834156622 +/- 22.749727474710895
k6 = 52.00732812722111 +/- 2.791482814941468

Tangential Distortion
p1 = -7.122604466891399e-05 /- 0.00329846930538759
p2 = 0.0012877084175305668 /- 0.0032234233217255134

Thin Prism Distortion:
s1 = -0.0018782096164375278 +/- 0.0034367653832725106
s2 = 0.002486007523220796 +/- 0.008990018593874884
s3 = -0.0009111197451701716 +/- 0.003002390636325688
s4 = 0.003635006109430592 +/- 0.00617406257923093

