RMS reprojection error = 0.8945964177528801
sharpness = 16.894484281539917

Camera Matrix:
fx = 2701.4985812125988 +/- 2.9677406172720664
fy = 2701.807506768955 +/- 3.760552485597545
cx = 1638.6573677255178 +/- 5.020763971803307
cy = 1237.7920472615383 +/- 5.693074743163568

Radial Distortion:
k1 = 3.156374636509066 +/- 9.600958461804158
k2 = 32.854232947718465 +/- 11.995805246511752
k3 = 26.048609990345913 +/- 96.64659630782387
k4 = 3.040898688027967 +/- 9.64466665072936
k5 = 31.208022483333416 +/- 10.350469616897609
k6 = 27.74518914786204 +/- 98.36542894221895

Tangential Distortion
p1 = 0.003524475959693942 /- 0.0017473462977273127
p2 = 0.001480068099593099 /- 0.0017637435807651188

Thin Prism Distortion:
s1 = -0.0015264309517413832 +/- 0.002544147135695502
s2 = 0.00016850376965723502 +/- 0.0020099029393540143
s3 = -0.0024806325575976213 +/- 0.0020467928246796522
s4 = -0.0026232974849374926 +/- 0.0018789464920177976

