RMS reprojection error = 0.13702373253218592
sharpness = 2.802958498398463

Camera Matrix:
fx = 2700.353193223023 +/- 0.4661106787635834
fy = 2700.340251078087 +/- 0.5861225114528777
cx = 1638.8144300714964 +/- 0.7619673191145248
cy = 1231.7249282879704 +/- 0.8697042990384606

Radial Distortion:
k1 = 4.463268222312624 +/- 1.695077260638144
k2 = 35.52076537994324 +/- 1.902782270803583
k3 = 42.48957661769957 +/- 18.023271216539033
k4 = 4.36301520185046 +/- 1.7029805374610194
k5 = 33.4676645565103 +/- 1.6517991036565174
k6 = 44.50413862293361 +/- 18.315231937287955

Tangential Distortion
p1 = 0.0024058606645875917 /- 0.00026676454077366474
p2 = 0.0018968528037656273 /- 0.0002684016591854669

Thin Prism Distortion:
s1 = -0.0021225075497309084 +/- 0.00038888932238582193
s2 = 0.00022348615766639855 +/- 0.0003032861080610967
s3 = -0.0015517531538094677 +/- 0.0003130261061726165
s4 = -0.0016035656948235513 +/- 0.0002853287242469663

