RMS reprojection error = 0.35920374460556526
sharpness = 14.802022178967794

Camera Matrix:
fx = 2701.304977784178 +/- 1.3064176268712595
fy = 2701.43607807811 +/- 1.6073617869975396
cx = 1639.9211285497427 +/- 1.9432951542886263
cy = 1232.0002901215826 +/- 2.2898316669813097

Radial Distortion:
k1 = 6.899310493572734 +/- 5.200672780201614
k2 = 43.55954744537215 +/- 7.043921686004654
k3 = 55.55773249840619 +/- 51.69676061442458
k4 = 6.819508588838005 +/- 5.228246210229307
k5 = 40.723516439546245 +/- 6.05298743071769
k6 = 58.38744868108674 +/- 52.69199860589208

Tangential Distortion
p1 = 0.002680986418702598 /- 0.0006857462102265717
p2 = 0.002403626447478795 /- 0.0006736145779064918

Thin Prism Distortion:
s1 = -0.002664775496887106 +/- 0.0009832728359630198
s2 = 0.00021126992930906618 +/- 0.0007876225561600152
s3 = -0.0017320230010796158 +/- 0.0008012562940143404
s4 = -0.001456095103435706 +/- 0.0007546944017857262

