RMS reprojection error = 0.8372044137423422
sharpness = 14.742469644546508

Camera Matrix:
fx = 2700.7584007781707 +/- 3.4295957085751234
fy = 2700.815114016045 +/- 4.129938852566506
cx = 1637.3989892111867 +/- 8.848710914464679
cy = 1232.1361069696077 +/- 9.39274712352719

Radial Distortion:
k1 = 8.85126292239657 +/- 10.398233973323315
k2 = 30.451402593830295 +/- 21.6097082749355
k3 = 100.02512441538889 +/- 2.452989282886109
k4 = 8.750646344287487 +/- 10.460094520793897
k5 = 27.641889796852308 +/- 19.23848394420289
k6 = 102.3207077342742 +/- 3.0022603213374905

Tangential Distortion
p1 = 0.002921755134046978 /- 0.0026869515768470262
p2 = 0.001974643627190838 /- 0.002682198456968438

Thin Prism Distortion:
s1 = -0.0020848226086137814 +/- 0.0027690618496400378
s2 = -0.0009324154082103433 +/- 0.007467310990579243
s3 = -0.001654483380814802 +/- 0.0024253054062585108
s4 = -0.001474259829317072 +/- 0.0049784039372456745

