RMS reprojection error = 0.1654435598324688
sharpness = 5.0749950289726256

Camera Matrix:
fx = 2700.2961261521145 +/- 0.6544549744930735
fy = 2700.95150517793 +/- 0.7950705791566617
cx = 1640.3261532753738 +/- 1.7041205176735714
cy = 1230.1955129980715 +/- 1.8363793688833177

Radial Distortion:
k1 = 5.105014144151951 +/- 1.5012436209772522
k2 = 30.770951644048274 +/- 3.6298723946090368
k3 = 81.11133846290063 +/- 0.3344647541370516
k4 = 5.000442438191555 +/- 1.511069703195609
k5 = 28.7328730281739 +/- 3.2722416967231314
k6 = 82.36855655347624 +/- 0.5011000919216069

Tangential Distortion
p1 = 0.001996313992815593 /- 0.0005269029654770153
p2 = 0.002222646538827895 /- 0.0005198053109618969

Thin Prism Distortion:
s1 = -0.002116253176103034 +/- 0.0005440514870637716
s2 = -0.0006725286484984758 +/- 0.0014525748645357593
s3 = -0.0013654515497547868 +/- 0.00047754979050279936
s4 = -0.0014006967199474904 +/- 0.0009790209732638791

