RMS reprojection error = 0.44569275632329675
sharpness = 16.4214075088501

Camera Matrix:
fx = 2700.1936326597684 +/- 1.66532053202915
fy = 2700.4660998035033 +/- 2.048780834125079
cx = 1639.0844806438106 +/- 4.690478420614701
cy = 1234.1543838899725 +/- 5.105097094554603

Radial Distortion:
k1 = -3.3372117032665085 +/- 3.6046205914223433
k2 = 42.2972932920271 +/- 8.123798104043521
k3 = -98.16597692139042 +/- 44.66139157718454
k4 = -3.454174274897838 +/- 3.620536461087146
k5 = 41.686061395476145 +/- 7.616466652491774
k6 = -95.86450019470514 +/- 44.62990088618817

Tangential Distortion
p1 = 0.003341338849201606 /- 0.0014549988135657737
p2 = 0.002561701294032085 /- 0.001421237655647506

Thin Prism Distortion:
s1 = -0.0030586031960768514 +/- 0.001473075895565937
s2 = -0.001254772946478724 +/- 0.003958379442660623
s3 = -0.0026680245852505435 +/- 0.0013074017146920505
s4 = -0.0009644576308679748 +/- 0.002639068642573056

