RMS reprojection error = 0.39775560611918287
sharpness = 14.826724330584208

Camera Matrix:
fx = 2699.6405822163656 +/- 1.3990107550154747
fy = 2698.7827365721178 +/- 1.7404494217150963
cx = 1637.8787824928238 +/- 2.222785612654445
cy = 1230.4951594579557 +/- 2.518874555845792

Radial Distortion:
k1 = 6.413620743766237 +/- 5.444892905062653
k2 = 41.79415470353777 +/- 7.1609532156326
k3 = 50.58505411848233 +/- 53.132321160897796
k4 = 6.329545895494151 +/- 5.472654033870639
k5 = 39.13047254403168 +/- 6.166191631271423
k6 = 53.32553481629151 +/- 54.19979306381655

Tangential Distortion
p1 = 0.0029419758984389867 /- 0.0007720508075223104
p2 = 0.0016594687462428855 /- 0.0007818396849348826

Thin Prism Distortion:
s1 = -0.0018353257270704543 +/- 0.0011294564114015227
s2 = 0.0008726130139664474 +/- 0.000884974184277205
s3 = -0.0021287481955538654 +/- 0.0009070646624755542
s4 = -0.0011138893432281975 +/- 0.0008285161611340257

