RMS reprojection error = 0.16749428884882558
sharpness = 4.075861543416977

Camera Matrix:
fx = 2700.3669952684054 +/- 0.5914641875969733
fy = 2699.79668648812 +/- 0.7335911895236386
cx = 1638.8257840251467 +/- 0.9014547060784024
cy = 1231.1388027888547 +/- 1.0673261961249572

Radial Distortion:
k1 = 5.520685633213704 +/- 2.3727311007143723
k2 = 36.02927762322569 +/- 2.5385328810130545
k3 = 52.1851374843483 +/- 24.931084845679347
k4 = 5.424692682413708 +/- 2.3838884378974052
k5 = 33.73468298194391 +/- 2.18226787968298
k6 = 54.41027026727394 +/- 25.3483586612862

Tangential Distortion
p1 = 0.002574982714170563 /- 0.00031981297355331245
p2 = 0.0019068347048013159 /- 0.00031226771817123046

Thin Prism Distortion:
s1 = -0.00226305980986791 +/- 0.0004575532916293902
s2 = 0.00026911047094969724 +/- 0.000365193361960873
s3 = -0.0019956448279761486 +/- 0.00037393274169635933
s4 = -0.0012022708096908982 +/- 0.00035102923217919025

