RMS reprojection error = 0.23823437230044522
sharpness = 10.751550388336181

Camera Matrix:
fx = 2700.0428159547805 +/- 0.9418189866930389
fy = 2700.93230883569 +/- 1.1448561572863745
cx = 1638.1326737071347 +/- 2.4581123560932503
cy = 1234.4571195080985 +/- 2.6431080186419136

Radial Distortion:
k1 = 3.7981486777125424 +/- 2.0809800224507953
k2 = 36.35687605879853 +/- 5.298179077978924
k3 = 37.02874640913467 +/- 0.44672836049494413
k4 = 3.6968724974838185 +/- 2.0951913128155506
k5 = 34.41264889208002 +/- 4.7695300043971
k6 = 38.905478480372615 +/- 0.6769343770631607

Tangential Distortion
p1 = 0.0030902934573581483 /- 0.000757618392921431
p2 = 0.0017716628586812429 /- 0.0007495363393290254

Thin Prism Distortion:
s1 = -0.002135134210191812 +/- 0.0007835872761219644
s2 = 0.0005273401751340975 +/- 0.002091817780939939
s3 = -0.0022827306990601385 +/- 0.0006862335416703082
s4 = -0.0028272841844238623 +/- 0.0014093282394274458

