RMS reprojection error = 0.768377246491896
sharpness = 14.268234777450562

Camera Matrix:
fx = 2699.320769878186 +/- 3.1526506347982033
fy = 2701.121760127766 +/- 3.8027361191028968
cx = 1641.3136292687539 +/- 8.047077423229481
cy = 1220.571498833452 +/- 8.602812147178755

Radial Distortion:
k1 = 11.836097536819802 +/- 10.392070476089598
k2 = 16.83244152266956 +/- 16.373118931174428
k3 = 142.34759105760267 +/- 2.768583700845072
k4 = 11.737861787903777 +/- 10.450200553492138
k5 = 13.69172292738439 +/- 14.523801122810095
k6 = 145.08312527099235 +/- 2.9919600902980954

Tangential Distortion
p1 = 0.0022728458630009675 /- 0.002465832614547423
p2 = 0.001806665300865543 /- 0.0024312512195623815

Thin Prism Distortion:
s1 = -0.0017449158486755425 +/- 0.0025217154330043523
s2 = -0.0022653892877445123 +/- 0.006857106262100967
s3 = -0.001808510339250555 +/- 0.0022340800541493775
s4 = 0.0010997588021171478 +/- 0.004542245217792577

