RMS reprojection error = 0.15311730206093324
sharpness = 3.5362714529037476

Camera Matrix:
fx = 2700.6669459043533 +/- 0.6105237767789727
fy = 2700.7501867702013 +/- 0.7399263955560322
cx = 1639.0994694846916 +/- 1.5850741178591048
cy = 1232.376819714041 +/- 1.7050086116474974

Radial Distortion:
k1 = 5.596196230732652 +/- 1.4660260120299184
k2 = 32.448179210269736 +/- 3.5387979322892478
k3 = 80.617727778254 +/- 0.3262967218655019
k4 = 5.494414205970192 +/- 1.4755912015194748
k5 = 30.26029237598855 +/- 3.18747297206459
k6 = 82.07366671632651 +/- 0.473669636724369

Tangential Distortion
p1 = 0.0026720295453872855 /- 0.000488635038080737
p2 = 0.001986623569787273 /- 0.0004829483582097602

Thin Prism Distortion:
s1 = -0.0021265413534254677 +/- 0.0005041957347495604
s2 = -0.0001052435608673084 +/- 0.0013457843261478824
s3 = -0.0018780506824533356 +/- 0.0004421439445257001
s4 = -0.00217298227140876 +/- 0.0009069995807777039

