RMS reprojection error = 0.6141812598896734
sharpness = 15.987899780273438

Camera Matrix:
fx = 2699.7670259968963 +/- 2.181043249653035
fy = 2700.1283442294534 +/- 2.7254660339379027
cx = 1644.4616732626419 +/- 6.41097897397491
cy = 1234.5440305301763 +/- 7.173835924660387

Radial Distortion:
k1 = -4.853556825254211 +/- 1.555978317623557
k2 = 38.58791707814216 +/- 9.123910740337395
k3 = -101.24015266388251 +/- 26.362330302468294
k4 = -4.9816849941827215 +/- 1.566254298277347
k5 = 38.44309969567204 +/- 8.643800597345756
k6 = -99.58829145829645 +/- 25.51000361668112

Tangential Distortion
p1 = 0.003526294605275054 /- 0.002031733855514901
p2 = 0.003648810890886541 /- 0.0019470341770196605

Thin Prism Distortion:
s1 = -0.003312288998946679 +/- 0.0020260868868300576
s2 = -0.002150062486102191 +/- 0.005445044012163406
s3 = -0.0029965283548033742 +/- 0.001815911416751037
s4 = -0.0014945678247553784 +/- 0.0036359964101220703

