RMS reprojection error = 0.1692332341979847
sharpness = 5.642040741443634

Camera Matrix:
fx = 2700.2287819257394 +/- 0.6763797826933737
fy = 2700.4009146318635 +/- 0.819078038597685
cx = 1640.4179430045956 +/- 1.7586448321653183
cy = 1231.525466466242 +/- 1.885170882086156

Radial Distortion:
k1 = 5.587979778153538 +/- 1.6361729952541786
k2 = 33.48548558985189 +/- 3.947751394782721
k3 = 75.91107103676045 +/- 0.36309459097902796
k4 = 5.488505955117911 +/- 1.6469020402178798
k5 = 31.264569957820093 +/- 3.554921694699632
k6 = 77.5032772127786 +/- 0.5245005482104202

Tangential Distortion
p1 = 0.00241238541056645 /- 0.0005401295865355602
p2 = 0.002349672372553838 /- 0.0005351997263741345

Thin Prism Distortion:
s1 = -0.002083622367783823 +/- 0.0005577728747528313
s2 = -0.001422091520840893 +/- 0.0014885377268193372
s3 = -0.00190152297283438 +/- 0.0004890777659414961
s4 = -0.0012716662251280627 +/- 0.0010010995968956049

