RMS reprojection error = 0.17908439043587046
sharpness = 5.508538246154785

Camera Matrix:
fx = 2700.0686493836806 +/- 0.6240826710179938
fy = 2700.4123881926216 +/- 0.7774978547368794
cx = 1638.6379797292454 +/- 0.9637285597619065
cy = 1230.178123562192 +/- 1.142402257066159

Radial Distortion:
k1 = 4.852066963113263 +/- 2.4199682289760673
k2 = 34.71312182273369 +/- 2.619578292137802
k3 = 46.229283677665855 +/- 25.53593830604799
k4 = 4.749125883913173 +/- 2.431088044680987
k5 = 32.61883496173627 +/- 2.249920465421718
k6 = 48.2632557753904 +/- 25.95694907554397

Tangential Distortion
p1 = 0.002054610461624598 /- 0.0003421465606801661
p2 = 0.0015385372872219712 /- 0.0003339460962651514

Thin Prism Distortion:
s1 = -0.0014787316873074664 +/- 0.0004893957929428509
s2 = 0.00046974853979949376 +/- 0.00039032766081875425
s3 = -0.0013669421904318362 +/- 0.00039984760619550357
s4 = -0.0009399275699355957 +/- 0.0003753304337512204

