RMS reprojection error = 1.2015224174453096
sharpness = 13.091362810134887

Camera Matrix:
fx = 2694.9951300748917 +/- 5.322796011391938
fy = 2704.988650957418 +/- 6.250341987169657
cx = 1627.2010004088531 +/- 11.7668920339777
cy = 1214.0452343186148 +/- 13.031419697899649

Radial Distortion:
k1 = 6.058815733922462 +/- 50.56534376386723
k2 = 37.48700033997279 +/- 59.996680555812205
k3 = 50.880474855455475 +/- 868.0506870341674
k4 = 5.972975305878467 +/- 50.70014622139159
k5 = 34.90963459311099 +/- 67.21062660926596
k6 = 53.7539228076541 +/- 868.0747452275104

Tangential Distortion
p1 = -0.0003794802291257781 /- 0.0037651171158170444
p2 = -0.003772309900258149 /- 0.003645440841335708

Thin Prism Distortion:
s1 = 0.002723165038000642 +/- 0.003916424249555023
s2 = 0.008805035519458607 +/- 0.010344696009927276
s3 = -0.0029317891470516666 +/- 0.0034277456476624144
s4 = 0.004379795769252125 +/- 0.007042464413348285

