RMS reprojection error = 0.2720422103590083
sharpness = 13.037692022323608

Camera Matrix:
fx = 2700.9873027144804 +/- 1.1338881840946893
fy = 2701.8074656782837 +/- 1.358696832343374
cx = 1638.5663379383514 +/- 2.786436037867053
cy = 1231.2260306218138 +/- 2.992460734933407

Radial Distortion:
k1 = 10.136999905563282 +/- 3.3022773575372404
k2 = 34.614433619335735 +/- 7.02223429232164
k3 = 122.54536948062487 +/- 0.788677156405478
k4 = 10.067438620563143 +/- 3.324483868354088
k5 = 31.27737150475359 +/- 6.301858904868491
k6 = 125.29607176797472 +/- 1.0340762953611118

Tangential Distortion
p1 = 0.0021466708255678695 /- 0.0008586308985969896
p2 = 0.0019099300999720584 /- 0.0008494273338629715

Thin Prism Distortion:
s1 = -0.0019454039393556252 +/- 0.0008916936811604158
s2 = -0.00031942213974624515 +/- 0.002384685764117462
s3 = -0.0015294973046644808 +/- 0.0007816625496074716
s4 = -0.0018485794579050532 +/- 0.001602910904996134

