RMS reprojection error = 0.47892956927248403
sharpness = 15.795344551404318

Camera Matrix:
fx = 2698.950037672458 +/- 1.6306845715732006
fy = 2699.2086645602417 +/- 2.0492655238159547
cx = 1640.989323506811 +/- 2.673396042869415
cy = 1232.5428122417632 +/- 3.0239633270662436

Radial Distortion:
k1 = 4.53570590023845 +/- 5.546924129917796
k2 = 38.06656412358843 +/- 7.7518553688754155
k3 = 33.53836437631918 +/- 53.54598166636291
k4 = 4.4345985964394465 +/- 5.574629077302549
k5 = 35.93481635656477 +/- 6.6931752353131335
k6 = 35.7655376776222 +/- 54.624856184129484

Tangential Distortion
p1 = 0.0030245847246830495 /- 0.0009299720431565305
p2 = 0.0023452744741667515 /- 0.0009427776266625235

Thin Prism Distortion:
s1 = -0.0022021277220182944 +/- 0.0013601485676378328
s2 = -0.0003468237633185713 +/- 0.0010727494808629883
s3 = -0.0021510013767446303 +/- 0.0010918299005615024
s4 = -0.0014911285797017274 +/- 0.0010017255931048343

