RMS reprojection error = 0.12222100397820267
sharpness = 1.8761878192424775

Camera Matrix:
fx = 2700.3155661348524 +/- 0.491747259398219
fy = 2700.6719471629617 +/- 0.5946039887864214
cx = 1638.811482458207 +/- 1.2644651378508849
cy = 1230.5888889563516 +/- 1.3589735268549488

Radial Distortion:
k1 = 6.580196640647922 +/- 1.2448149423639265
k2 = 32.60146836849129 +/- 2.8940360651091703
k3 = 88.70690739563439 +/- 0.2819029803839569
k4 = 6.483983930018018 +/- 1.2529170307006985
k5 = 30.179056117896483 +/- 2.602098967473106
k6 = 90.44997552759979 +/- 0.3969183342979805

Tangential Distortion
p1 = 0.0021763966017948975 /- 0.0003895537014165501
p2 = 0.0018638850241762895 /- 0.00038519117161868986

Thin Prism Distortion:
s1 = -0.0020343585980564655 +/- 0.0004022959398288174
s2 = 3.465661670024308e-05 +/- 0.0010742523335591093
s3 = -0.0016666560823988708 +/- 0.0003528182731922689
s4 = -0.0013342079043550045 +/- 0.0007232331445212493

