RMS reprojection error = 0.1641453025189512
sharpness = 5.160771648089091

Camera Matrix:
fx = 2700.3057382729244 +/- 0.579394287555743
fy = 2699.6022028625134 +/- 0.7203949382618694
cx = 1638.2710736130455 +/- 0.9129359289300714
cy = 1230.565477573257 +/- 1.040961977671472

Radial Distortion:
k1 = 6.83373024177325 +/- 2.6381984404060006
k2 = 36.425834318177266 +/- 2.5310544507454567
k3 = 65.73246962343144 +/- 27.911751737881442
k4 = 6.741568313405131 +/- 2.6499311578836067
k5 = 33.84177469276827 +/- 2.178848933547925
k6 = 68.17921467211858 +/- 28.36503471857314

Tangential Distortion
p1 = 0.0024412926999779986 /- 0.0003194072639405231
p2 = 0.0016956775109081073 /- 0.00032144416005397826

Thin Prism Distortion:
s1 = -0.001759471544541847 +/- 0.0004657970637114035
s2 = 0.00029304214961301976 +/- 0.0003633803922248879
s3 = -0.001827297610051454 +/- 0.0003748922330523659
s4 = -0.0012419171208234677 +/- 0.00034176526365137694

