RMS reprojection error = 0.23471299349543148
sharpness = 11.238409662246704

Camera Matrix:
fx = 2699.53733867578 +/- 0.9353821783164993
fy = 2700.097335339748 +/- 1.134263393916359
cx = 1637.608066312799 +/- 2.4252705638696246
cy = 1230.9494136731355 +/- 2.6025145173290105

Radial Distortion:
k1 = 5.045034996403124 +/- 2.243775999852759
k2 = 34.38129557710121 +/- 5.333708210047691
k3 = 52.03026554708366 +/- 0.4971989088186756
k4 = 4.944057581665183 +/- 2.2585610683122663
k5 = 32.226161653991 +/- 4.781345173655102
k6 = 54.06904777391941 +/- 0.7126887394868204

Tangential Distortion
p1 = 0.0021451535984870675 /- 0.0007467815208637717
p2 = 0.0017850963387556593 /- 0.0007396655533206527

Thin Prism Distortion:
s1 = -0.0019055468729074442 +/- 0.0007722979826430158
s2 = 0.0009313569174520656 +/- 0.002067209509606595
s3 = -0.0014421647802537532 +/- 0.000676458014772554
s4 = -0.0015509200907503028 +/- 0.0013898634721150889

