RMS reprojection error = 0.178639064523754
sharpness = 6.688578307628632

Camera Matrix:
fx = 2701.295631849677 +/- 0.6539266437874864
fy = 2700.990432851629 +/- 0.8050125439413447
cx = 1638.7691294644592 +/- 0.9919112824994256
cy = 1231.8144617885355 +/- 1.133587226565689

Radial Distortion:
k1 = 9.14176842168325 +/- 3.464267552709356
k2 = 38.13960371637624 +/- 2.955783906871792
k3 = 91.95261345630954 +/- 37.748506406896304
k4 = 9.062468094415763 +/- 3.4796308135302434
k5 = 34.98678532639717 +/- 2.566905271342433
k6 = 94.79040331242307 +/- 38.316024966536

Tangential Distortion
p1 = 0.002409872893547806 /- 0.0003479064332373348
p2 = 0.00189928335282878 /- 0.0003495429224639541

Thin Prism Distortion:
s1 = -0.002270303711651136 +/- 0.0005069753930461162
s2 = 0.000419386670433285 +/- 0.00039458905391741457
s3 = -0.0015658565606710595 +/- 0.00040815432458125666
s4 = -0.0016340749228705561 +/- 0.00037181253050854514

