RMS reprojection error = 0.14700671437806628
sharpness = 2.438155025243759

Camera Matrix:
fx = 2699.9520549291856 +/- 0.514764851214741
fy = 2699.9026078328748 +/- 0.6400868398708708
cx = 1638.4220443543063 +/- 0.7900650907334869
cy = 1231.3589959571425 +/- 0.9354911792636645

Radial Distortion:
k1 = 5.003221226741369 +/- 1.92119882802178
k2 = 36.79883890418381 +/- 2.2603934612077814
k3 = 45.682116200131595 +/- 20.025548643031854
k4 = 4.906195500993322 +/- 1.9305485244189446
k5 = 34.588855756706124 +/- 1.9453507869122864
k6 = 47.86254305296197 +/- 20.370608008035312

Tangential Distortion
p1 = 0.0024288961457523445 /- 0.0002804244479740742
p2 = 0.0017401238322353766 /- 0.0002740728742046685

Thin Prism Distortion:
s1 = -0.0019768959595081134 +/- 0.00040159684744983534
s2 = 0.00035118394243329875 +/- 0.0003203407860114853
s3 = -0.0018374408649897839 +/- 0.00032799324163007055
s4 = -0.0013886147486084652 +/- 0.0003079053822436629

