RMS reprojection error = 0.6543093265544836
sharpness = 16.60523823897044

Camera Matrix:
fx = 2701.060363490498 +/- 2.5610599240922554
fy = 2702.3437531977406 +/- 3.086036541464685
cx = 1635.7900252897784 +/- 3.484752774969557
cy = 1232.6200970899824 +/- 4.143091314612743

Radial Distortion:
k1 = 11.554990001716607 +/- 13.981777693215792
k2 = 42.902438614643835 +/- 12.178371899367676
k3 = 116.80539923832256 +/- 153.54604447670718
k4 = 11.503869680435344 +/- 14.052508497648281
k5 = 39.00847733459116 +/- 10.607872258901786
k6 = 120.32107226024912 +/- 155.92255911587364

Tangential Distortion
p1 = 0.002282054610179582 /- 0.0012452494901993793
p2 = 0.0002246523086142277 /- 0.0012122238238877624

Thin Prism Distortion:
s1 = 7.124907166395986e-05 +/- 0.0017840204316454807
s2 = 0.0006094433673031214 +/- 0.0014178045604225106
s3 = -0.001554716287832677 +/- 0.001458981280141612
s4 = -0.0016024692736591243 +/- 0.001364540791211955

