RMS reprojection error = 0.10975708468407898
sharpness = 1.582770013809204

Camera Matrix:
fx = 2700.3765771690423 +/- 0.443467850955587
fy = 2700.558937832624 +/- 0.5355951055865793
cx = 1638.8574147212087 +/- 1.138346642875752
cy = 1230.6830254538806 +/- 1.2214823829263994

Radial Distortion:
k1 = 6.93079665789238 +/- 1.154378561515715
k2 = 33.00831702825028 +/- 2.6539042581234717
k3 = 89.13031965182319 +/- 0.2624101436612855
k4 = 6.835680917961101 +/- 1.1618444944533155
k5 = 30.499961798588682 +/- 2.383541158735007
k6 = 91.01163061388817 +/- 0.3624780389712033

Tangential Distortion
p1 = 0.002254568234917648 /- 0.00035000703877030484
p2 = 0.0018074993029843969 /- 0.0003465739582791746

Thin Prism Distortion:
s1 = -0.0018157718661379494 +/- 0.0003615036395951419
s2 = 6.990693107487977e-05 +/- 0.0009658522536368476
s3 = -0.0016831808587035937 +/- 0.0003169000973202926
s4 = -0.001352828599817917 +/- 0.0006497912049182174

