RMS reprojection error = 0.1275499001300703
sharpness = 2.0355409383773804

Camera Matrix:
fx = 2700.487145052444 +/- 0.5106482759518743
fy = 2700.685373002915 +/- 0.6183551210372044
cx = 1639.14685743832 +/- 1.3214108500551645
cy = 1230.7472027993488 +/- 1.4170492004757418

Radial Distortion:
k1 = 5.44609388287878 +/- 1.2413221419610156
k2 = 34.781040815753336 +/- 2.946385843670885
k3 = 60.98945099316557 +/- 0.27589758146770976
k4 = 5.349226977144848 +/- 1.2495463766124764
k5 = 32.52521589943477 +/- 2.6456737328668543
k6 = 62.98668912716662 +/- 0.3953536680025058

Tangential Distortion
p1 = 0.0023230630104062898 /- 0.0004061901990696599
p2 = 0.0018556525340510538 /- 0.00040230589702231455

Thin Prism Distortion:
s1 = -0.0018175324369985326 +/- 0.00041984871272392535
s2 = -0.00021454561855971236 +/- 0.001122603907091839
s3 = -0.001817497093481602 +/- 0.0003680511840517277
s4 = -0.0011308286337935187 +/- 0.000754852328389715

