RMS reprojection error = 0.23883823462133663
sharpness = 11.74524176120758

Camera Matrix:
fx = 2699.533668685282 +/- 0.8336559546357729
fy = 2699.982498768281 +/- 1.040533647944117
cx = 1639.003048735525 +/- 1.3211496133426077
cy = 1231.2450550510252 +/- 1.5088178170208129

Radial Distortion:
k1 = 6.0327052498356855 +/- 3.413314998841422
k2 = 37.25520415679368 +/- 3.545901682806118
k3 = 57.939196478899795 +/- 36.278092567373726
k4 = 5.943006346856527 +/- 3.4293708525830695
k5 = 34.7876628527357 +/- 3.0758490515994144
k6 = 60.32329985126781 +/- 36.87374263752965

Tangential Distortion
p1 = 0.0022524213302579726 /- 0.0004635615288489249
p2 = 0.0018797877685217883 /- 0.00046632556016827246

Thin Prism Distortion:
s1 = -0.0018685851013653001 +/- 0.0006769089634495178
s2 = 0.00035168365905935796 +/- 0.0005275061495381843
s3 = -0.0015917929790373875 +/- 0.0005447725144253688
s4 = -0.0014805230617595143 +/- 0.0004962606678728857

