RMS reprojection error = 0.11539459320882511
sharpness = 1.7254331469535829

Camera Matrix:
fx = 2700.3504748475366 +/- 0.453909822700123
fy = 2700.559971082151 +/- 0.5523157314386848
cx = 1638.985548400551 +/- 1.197688362730785
cy = 1230.6535022856701 +/- 1.286240035097531

Radial Distortion:
k1 = 3.390920291601423 +/- 0.9805281444694623
k2 = 35.76520952216123 +/- 2.4957585014639148
k3 = 31.634289613726892 +/- 0.20885971119226684
k4 = 3.2875319756429406 +/- 0.987200181684656
k5 = 33.93230371020205 +/- 2.2464770529046616
k6 = 33.4501393191265 +/- 0.31928596422448574

Tangential Distortion
p1 = 0.0022276697387115505 /- 0.00036851628252709183
p2 = 0.001856964716723855 /- 0.00036450642322633593

Thin Prism Distortion:
s1 = -0.0018875730594965319 +/- 0.0003802493651625246
s2 = -0.00015515762412805556 +/- 0.0010144822975165968
s3 = -0.0016925099483905632 +/- 0.0003335328164283744
s4 = -0.0011583029578675177 +/- 0.0006830878674067853

