RMS reprojection error = 0.2383916089895597
sharpness = 11.043831062316894

Camera Matrix:
fx = 2700.4586931461554 +/- 0.9488150337273616
fy = 2701.123340980783 +/- 1.1508522949591558
cx = 1636.6863651746326 +/- 2.441325488283301
cy = 1231.441892640419 +/- 2.648842915962532

Radial Distortion:
k1 = 5.226734709621451 +/- 2.17050723189501
k2 = 34.18282077055257 +/- 5.36083055002996
k3 = 75.04261540111193 +/- 0.47999112957895884
k4 = 5.132284436035536 +/- 2.185307724073692
k5 = 31.98624601129218 +/- 4.840537551000868
k6 = 76.60302045559762 +/- 0.7238057516265316

Tangential Distortion
p1 = 0.002535303096906318 /- 0.0007591417047537941
p2 = 0.0015096623380123834 /- 0.0007449476735157982

Thin Prism Distortion:
s1 = -0.002177513798537562 +/- 0.0007828101513926906
s2 = 0.001672869940573009 +/- 0.0020784679856541356
s3 = -0.0018081353490644924 +/- 0.0006877929444696234
s4 = -0.001799879855616767 +/- 0.001407922928114134

