RMS reprojection error = 0.21936335113527902
sharpness = 9.702913618087768

Camera Matrix:
fx = 2700.7376436375216 +/- 0.8901339390053201
fy = 2701.3631955598203 +/- 1.074162881929618
cx = 1640.3957363483642 +/- 2.2712494243458057
cy = 1232.1704701309554 +/- 2.4355825082516502

Radial Distortion:
k1 = 7.302850550143929 +/- 2.363191268903365
k2 = 32.59096829079484 +/- 5.229061383255117
k3 = 91.0933784269121 +/- 0.5448971507570871
k4 = 7.21135330378646 +/- 2.37848607987883
k5 = 29.99077211574272 +/- 4.688308419750276
k6 = 93.16610265117318 +/- 0.7440449352188159

Tangential Distortion
p1 = 0.002409992046961402 /- 0.0006977285127864965
p2 = 0.0021324041383128617 /- 0.0006909997122793253

Thin Prism Distortion:
s1 = -0.0020096709117167467 +/- 0.0007213862510302572
s2 = -0.0004583925220667389 +/- 0.0019315717177139239
s3 = -0.0014490781543605301 +/- 0.0006327807695877019
s4 = -0.0027664834757062354 +/- 0.00129693869741658

