RMS reprojection error = 0.13798448755433426
sharpness = 2.780774712562561

Camera Matrix:
fx = 2700.4077406000456 +/- 0.4886845390238779
fy = 2700.37964198068 +/- 0.6073175636946402
cx = 1639.1032176616716 +/- 0.7676895686206308
cy = 1231.6876068003362 +/- 0.8760464939281454

Radial Distortion:
k1 = 6.993283049376325 +/- 2.2280456765827044
k2 = 37.005238551060366 +/- 2.137367105609963
k3 = 67.93216023741137 +/- 23.77868310865788
k4 = 6.904075461562426 +/- 2.2380757490679675
k5 = 34.3603984886311 +/- 1.8457937283044423
k6 = 70.41492239552394 +/- 24.156323367543653

Tangential Distortion
p1 = 0.002370787869933862 /- 0.0002686854896888962
p2 = 0.0019926164920071447 /- 0.0002702680045880267

Thin Prism Distortion:
s1 = -0.002166762914746736 +/- 0.00039161622570916724
s2 = 0.00023633949763562988 +/- 0.00030534697780767105
s3 = -0.001756034316418164 +/- 0.00031521826542099045
s4 = -0.0012823076832775813 +/- 0.0002872562112891285

