RMS reprojection error = 0.23135114839461488
sharpness = 10.832926511764526

Camera Matrix:
fx = 2701.043828324665 +/- 1.0511381596969582
fy = 2702.3272440201313 +/- 1.2219371678369555
cx = 1638.445012260386 +/- 2.4157888290015577
cy = 1231.8532516929529 +/- 2.574750095442621

Radial Distortion:
k1 = 7.097889695542058 +/- 9.675826221610297
k2 = 44.23495206996693 +/- 9.573658609449623
k3 = 20.41105008043369 +/- 154.14172195176008
k4 = 7.022120865728246 +/- 9.704371215822054
k5 = 41.26274140945668 +/- 10.602626588221469
k6 = 24.378207890426403 +/- 154.19784923141177

Tangential Distortion
p1 = 0.0026329367211943167 /- 0.0007381898372839291
p2 = 0.0020460096338766427 /- 0.0007345674959944529

Thin Prism Distortion:
s1 = -0.002600452691126389 +/- 0.000763160515586672
s2 = 0.0006598779532415793 +/- 0.0020563753739794633
s3 = -0.0017796092849241127 +/- 0.0006685082951256666
s4 = -0.001819125077656403 +/- 0.0013692449487416045

