RMS reprojection error = 0.40458516765614577
sharpness = 14.026416619618734

Camera Matrix:
fx = 2699.0791103006177 +/- 1.3234278334762188
fy = 2699.443526025158 +/- 1.6802997541142852
cx = 1640.650353324402 +/- 2.1676384319116853
cy = 1230.419803201464 +/- 2.5727861929540463

Radial Distortion:
k1 = 1.7473313566101332 +/- 3.663495412512385
k2 = 30.249932458030308 +/- 4.716253695776762
k3 = 16.6047781187264 +/- 38.4641363517746
k4 = 1.6233575433358975 +/- 3.6804767332062003
k5 = 28.991159431509544 +/- 4.102342971832718
k6 = 17.945453798574853 +/- 39.11744649518359

Tangential Distortion
p1 = 0.0018320399866450837 /- 0.0007719625329723941
p2 = 0.0020262988543773537 /- 0.0007528175567939043

Thin Prism Distortion:
s1 = -0.0022500830207443805 +/- 0.001104774329803706
s2 = 9.967778893422355e-05 +/- 0.0008816063006493326
s3 = -0.001026389353761423 +/- 0.0009029597866444074
s4 = -0.001424158982356872 +/- 0.0008481410734339877

