RMS reprojection error = 0.20627947561528376
sharpness = 7.754343767960866

Camera Matrix:
fx = 2700.2598898595925 +/- 0.7585880485492235
fy = 2700.189718635834 +/- 0.9302140107599126
cx = 1638.77439502198 +/- 1.1077519617593954
cy = 1229.1788851091378 +/- 1.31124689008424

Radial Distortion:
k1 = 7.762945874863927 +/- 3.50482542856278
k2 = 39.95244015777236 +/- 3.764531621766364
k3 = 71.55843865102023 +/- 36.568265023553245
k4 = 7.678587230891202 +/- 3.5216632364126252
k5 = 37.047779211215975 +/- 3.194704779857893
k6 = 74.3065123377033 +/- 37.19343908680707

Tangential Distortion
p1 = 0.001840269028855692 /- 0.00039335949721439967
p2 = 0.0016843621857783391 /- 0.0003847589436280687

Thin Prism Distortion:
s1 = -0.0014924400190494515 +/- 0.0005637670787738513
s2 = 0.00011299965467872938 +/- 0.00044925215678735505
s3 = -0.0013765537251142865 +/- 0.0004600014730312974
s4 = -0.0007154765066777528 +/- 0.0004319776581844257

