RMS reprojection error = 0.5042194457370337
sharpness = 16.304663856824238

Camera Matrix:
fx = 2699.8816825966733 +/- 1.637286007640735
fy = 2698.6907898202944 +/- 2.085831867511042
cx = 1641.1048217522534 +/- 2.810615519389108
cy = 1231.9330747564597 +/- 3.1844235755783092

Radial Distortion:
k1 = 1.773137017967706 +/- 3.974472351615547
k2 = 34.69168154906267 +/- 6.544031667140294
k3 = 10.749477526456511 +/- 39.0701656467835
k4 = 1.6595929304165875 +/- 3.995515108072935
k5 = 33.25754937369415 +/- 5.759016136278107
k6 = 12.35047642809091 +/- 39.84155605213061

Tangential Distortion
p1 = 0.0025625778989757475 /- 0.000979277658970842
p2 = 0.0022168005064234753 /- 0.0009913740688775343

Thin Prism Distortion:
s1 = -0.002500077129239674 +/- 0.0014315283019274477
s2 = -0.0006580109859929749 +/- 0.0011266404141123075
s3 = -0.00162398737622553 +/- 0.0011503999350317366
s4 = -0.0013081367801005205 +/- 0.001054493302115741

