RMS reprojection error = 0.10929120530369256
sharpness = 1.547226655483246

Camera Matrix:
fx = 2700.2194036179535 +/- 0.43495773932267723
fy = 2700.421695447867 +/- 0.5275134003395264
cx = 1638.9809220053216 +/- 1.1339987597870644
cy = 1230.399559523811 +/- 1.2173187176513667

Radial Distortion:
k1 = 4.927005847941324 +/- 1.0262543609498036
k2 = 34.41569500956506 +/- 2.484038826250535
k3 = 56.731483954372706 +/- 0.22555721491609104
k4 = 4.826732680409405 +/- 1.0330483108802546
k5 = 32.295664925663125 +/- 2.232795905678223
k6 = 58.567871422096204 +/- 0.3284981329557969

Tangential Distortion
p1 = 0.00214671769767879 /- 0.00034881705268088886
p2 = 0.0019170232923207138 /- 0.00034522284731059507

Thin Prism Distortion:
s1 = -0.002004816623656489 +/- 0.00036008346068251403
s2 = 2.3391669175391247e-05 +/- 0.0009613384783676677
s3 = -0.0015845909695698646 +/- 0.0003157549048193682
s4 = -0.0012897655287970576 +/- 0.0006470034920476722

