RMS reprojection error = 0.12417113967724151
sharpness = 1.9239910940329235

Camera Matrix:
fx = 2700.1180202094743 +/- 0.43318035899722296
fy = 2700.302574738885 +/- 0.5407051850505468
cx = 1638.4877602559466 +/- 0.6902548345134807
cy = 1231.187735592295 +/- 0.7874525735375588

Radial Distortion:
k1 = 6.030508218190757 +/- 1.807275454022334
k2 = 36.821070062215185 +/- 1.8695179809592506
k3 = 57.37319171831339 +/- 19.13440520529474
k4 = 5.9377549953659665 +/- 1.8155909662988603
k5 = 34.386121552216565 +/- 1.614370762259916
k6 = 59.706939877635946 +/- 19.44582931301849

Tangential Distortion
p1 = 0.002380022745359512 /- 0.00024166628136335216
p2 = 0.001739890348536818 /- 0.00024319275493919228

Thin Prism Distortion:
s1 = -0.001994099989999867 +/- 0.00035236781623641
s2 = 0.0005497097879881324 +/- 0.0002750018781563134
s3 = -0.0015792226441612544 +/- 0.0002835850060598378
s4 = -0.0014481765519324542 +/- 0.00025855911298600136

