RMS reprojection error = 0.10708008150619211
sharpness = 1.6051299571990967

Camera Matrix:
fx = 2700.0675943667593 +/- 0.36954179271797444
fy = 2700.0250100400485 +/- 0.46267966826195367
cx = 1639.058965721361 +/- 0.5952852672648085
cy = 1231.283726867139 +/- 0.6790825474517068

Radial Distortion:
k1 = 5.365921782633875 +/- 1.4654513796133517
k2 = 36.079594576633596 +/- 1.5586307650768245
k3 = 50.973023107705586 +/- 15.50297456866847
k4 = 5.269240129235596 +/- 1.4721898203010846
k5 = 33.81547303611954 +/- 1.3475610703213423
k6 = 53.167369998455975 +/- 15.75651523455191

Tangential Distortion
p1 = 0.002327298189631673 /- 0.00020836427946542706
p2 = 0.001959444239744985 /- 0.0002097118525682152

Thin Prism Distortion:
s1 = -0.002149166556836411 +/- 0.0003038633247555963
s2 = 0.00031417182859378085 +/- 0.0002370792009170777
s3 = -0.0015945032274919113 +/- 0.0002445436461567162
s4 = -0.001390848046117416 +/- 0.0002229485628423873

