RMS reprojection error = 0.14452383737680666
sharpness = 3.4743255376815796

Camera Matrix:
fx = 2700.1006194636657 +/- 0.49138873543795897
fy = 2700.0655370999284 +/- 0.6179660198201745
cx = 1639.3313096971087 +/- 0.7995622182236641
cy = 1230.7998182864576 +/- 0.9145426205601748

Radial Distortion:
k1 = 4.412258726358806 +/- 1.7907421644241917
k2 = 35.249953527567584 +/- 1.9456784894263914
k3 = 43.99857215184057 +/- 19.450716439102596
k4 = 4.312141245974488 +/- 1.799058416832241
k5 = 33.20374322213052 +/- 1.6962769201209897
k6 = 45.975809352266324 +/- 19.751295277950234

Tangential Distortion
p1 = 0.002300502861274672 /- 0.0002810088415344241
p2 = 0.0021155006796159384 /- 0.00028229199165292123

Thin Prism Distortion:
s1 = -0.002253112362452083 +/- 0.0004097293103451796
s2 = 9.853488040386625e-05 +/- 0.0003188097490919404
s3 = -0.0015182503019525208 +/- 0.0003299469559502162
s4 = -0.0013373362496320671 +/- 0.00030047635793185314

