RMS reprojection error = 0.4259985279341993
sharpness = 17.24584464232127

Camera Matrix:
fx = 2701.3014382454908 +/- 1.4655296990833024
fy = 2702.820795098543 +/- 1.8393807854611472
cx = 1638.3529231652603 +/- 2.3736575941348224
cy = 1232.767134737328 +/- 2.711512758311106

Radial Distortion:
k1 = 5.027705191046858 +/- 5.4158774064494395
k2 = 37.32706004996933 +/- 6.052546918157064
k3 = 48.07374230931643 +/- 57.87136044068857
k4 = 4.937466477943241 +/- 5.442104365789172
k5 = 35.07193656308855 +/- 5.288208106073153
k6 = 50.28195701435391 +/- 58.805078619793676

Tangential Distortion
p1 = 0.002510237302422051 /- 0.0008300623578311177
p2 = 0.002080356135458907 /- 0.0008343210744919515

Thin Prism Distortion:
s1 = -0.0025731171120543413 +/- 0.0012091936971625904
s2 = -9.435701905353133e-05 +/- 0.0009442274447416572
s3 = -0.0018772399346532482 +/- 0.0009735711269716078
s4 = -0.0014474635843661713 +/- 0.0008873163509213982

