RMS reprojection error = 0.22822081731575514
sharpness = 10.926771918932596

Camera Matrix:
fx = 2701.064908303048 +/- 0.8933288234327795
fy = 2700.367131234034 +/- 1.079428384201507
cx = 1638.9630982887486 +/- 1.264004031328315
cy = 1231.233938443065 +/- 1.4484976803963654

Radial Distortion:
k1 = 14.150017114847374 +/- 6.549702801028832
k2 = 36.19981569352128 +/- 4.038233287357133
k3 = 151.04837989447435 +/- 73.47669568375798
k4 = 14.08481663984562 +/- 6.576422722251751
k5 = 32.04142872637035 +/- 3.7855972672050946
k6 = 154.54301814711323 +/- 74.48878419048539

Tangential Distortion
p1 = 0.00239751564098027 /- 0.00044438211046981884
p2 = 0.001758555695397882 /- 0.00044515428465980366

Thin Prism Distortion:
s1 = -0.001889640434693559 +/- 0.0006470234717380275
s2 = 0.00041081810517692996 +/- 0.000501758434396062
s3 = -0.0017931533778904878 +/- 0.0005214578458625579
s4 = -0.0011551301453972416 +/- 0.00047390417933748104

