RMS reprojection error = 0.2771035965836409
sharpness = 13.319652994473776

Camera Matrix:
fx = 2699.334570066757 +/- 0.9298720282660823
fy = 2699.518633332665 +/- 1.170961580826472
cx = 1637.7739539411293 +/- 1.4895538353117566
cy = 1231.8597432511262 +/- 1.7638021588145905

Radial Distortion:
k1 = 2.764146423855703 +/- 2.691412472736787
k2 = 34.977357256428334 +/- 3.7957578415028
k3 = 23.39840834856248 +/- 27.823407148195127
k4 = 2.655709993955716 +/- 2.7051218897275118
k5 = 33.31500020926162 +/- 3.308599837016557
k6 = 25.129949969729672 +/- 28.315344126812327

Tangential Distortion
p1 = 0.0027329404652942355 /- 0.0005288991084320808
p2 = 0.001749508358023075 /- 0.0005170710851552765

Thin Prism Distortion:
s1 = -0.0019173487617142697 +/- 0.0007571167097109291
s2 = 0.0001448139121728575 +/- 0.0006040532574690038
s3 = -0.002008482865558727 +/- 0.0006184251250382256
s4 = -0.0014931664544766785 +/- 0.0005804926826530483

