RMS reprojection error = 0.1909162141467521
sharpness = 6.801345606644948

Camera Matrix:
fx = 2700.286932096997 +/- 0.6555522234878804
fy = 2699.7721645529714 +/- 0.819768854761035
cx = 1639.0287938151816 +/- 1.0268165150245863
cy = 1231.276262907656 +/- 1.2133605922339947

Radial Distortion:
k1 = 3.9363792132904027 +/- 2.1556017765467756
k2 = 36.13556731584958 +/- 2.7541299949179767
k3 = 34.28231290146446 +/- 22.096482346609804
k4 = 3.8362766995058233 +/- 2.166456914905689
k5 = 34.168197309385974 +/- 2.3875416959522453
k6 = 36.295870612898746 +/- 22.494383547356804

Tangential Distortion
p1 = 0.0024211907121652336 /- 0.0003639140856963399
p2 = 0.0016540502555553484 /- 0.00035603927292417523

Thin Prism Distortion:
s1 = -0.001784822497365621 +/- 0.0005213928250599895
s2 = 0.00037407205118962825 +/- 0.00041757017111712625
s3 = -0.001790240533384721 +/- 0.0004258350992107252
s4 = -0.001454223004176624 +/- 0.00040067092112963307

