RMS reprojection error = 0.20530553278203087
sharpness = 8.027011966705322

Camera Matrix:
fx = 2699.9114684834244 +/- 0.8158295630858704
fy = 2700.4223559471334 +/- 0.9901309698580054
cx = 1639.8907902402061 +/- 2.1368461264069696
cy = 1229.8754791089814 +/- 2.2864070145434865

Radial Distortion:
k1 = 5.023322160344024 +/- 1.9611869525725205
k2 = 32.54424464033252 +/- 4.550962370128843
k3 = 56.69468812892447 +/- 0.4359013095393227
k4 = 4.9196991351370185 +/- 1.9738539757547113
k5 = 30.460918040650743 +/- 4.077345259397712
k6 = 58.569816128808775 +/- 0.6244202796254822

Tangential Distortion
p1 = 0.002302722363113619 /- 0.0006552339239813867
p2 = 0.002351470974338184 /- 0.0006498017020839408

Thin Prism Distortion:
s1 = -0.0024537142900516204 +/- 0.0006763438495866069
s2 = -0.0008392316383014602 +/- 0.0018137212503891323
s3 = -0.0019446224529889927 +/- 0.000593383131745037
s4 = -0.00114801039717939 +/- 0.0012155372489075847

