RMS reprojection error = 0.23027547199208984
sharpness = 10.512041807174683

Camera Matrix:
fx = 2700.3815729601174 +/- 1.0210485896236112
fy = 2701.545652918462 +/- 1.1939125785264764
cx = 1638.9629591071282 +/- 2.3969384748294806
cy = 1230.3366688318492 +/- 2.5677004457827315

Radial Distortion:
k1 = 5.129736299191311 +/- 9.626702589360418
k2 = 43.74035289625616 +/- 9.96686261810487
k3 = 26.63099282199193 +/- 182.3269193161779
k4 = 5.044398682353527 +/- 9.651868648152062
k5 = 41.265042090800165 +/- 11.087846798605366
k6 = 29.417671831307036 +/- 181.5727585900263

Tangential Distortion
p1 = 0.002071639691370064 /- 0.0007361160536696338
p2 = 0.0018356273211697898 /- 0.0007303029817527436

Thin Prism Distortion:
s1 = -0.0017385108192216967 +/- 0.0007608664491239594
s2 = -0.000622312294425878 +/- 0.002029725340077109
s3 = -0.001608757152971099 +/- 0.0006659795527523617
s4 = -0.0013950103601161744 +/- 0.0013616967301620915

