RMS reprojection error = 0.2479737757686384
sharpness = 11.600798416137696

Camera Matrix:
fx = 2700.9224283063904 +/- 1.0158701695059666
fy = 2700.88145567958 +/- 1.2223660297012031
cx = 1637.316306369735 +/- 2.559384162512522
cy = 1230.1994434883225 +/- 2.754378531696061

Radial Distortion:
k1 = 8.657597361519212 +/- 2.845547468360322
k2 = 32.5551777355629 +/- 6.255507863311076
k3 = 110.41986422671974 +/- 0.6651992431064006
k4 = 8.569258757633083 +/- 2.8638670914151807
k5 = 29.667050538714058 +/- 5.609876328976944
k6 = 112.55830531783009 +/- 0.8790972016138993

Tangential Distortion
p1 = 0.002021120640821435 /- 0.0007897759038130247
p2 = 0.001299704124845596 /- 0.0007804342534171364

Thin Prism Distortion:
s1 = -0.0012074806046640353 +/- 0.0008158158847351832
s2 = 0.0017432424028590698 +/- 0.0021793650014712016
s3 = -0.0012792408103559224 +/- 0.00071499781990937
s4 = -0.0018387094975674456 +/- 0.0014695017498155367

