RMS reprojection error = 0.13192209939559893
sharpness = 2.1975240111351013

Camera Matrix:
fx = 2700.2653136199924 +/- 0.5170107310679151
fy = 2700.5765710826654 +/- 0.6297035850337528
cx = 1639.0225060685016 +/- 1.3654657422542889
cy = 1230.9973820478713 +/- 1.4683862739257731

Radial Distortion:
k1 = 3.242422265523479 +/- 1.0907192848753
k2 = 34.951171251064885 +/- 2.809556209059738
k3 = 35.77236207301791 +/- 0.2316148820373997
k4 = 3.137013832263257 +/- 1.0981538509424598
k5 = 33.17905752295561 +/- 2.5320884871691187
k6 = 37.39649627937453 +/- 0.360926007538113

Tangential Distortion
p1 = 0.0022660939670555704 /- 0.0004210336958733262
p2 = 0.001888514565693933 /- 0.00041603726365408

Thin Prism Distortion:
s1 = -0.0019097470127089242 +/- 0.000434470515355682
s2 = -0.00039430466167068173 +/- 0.001158836340325202
s3 = -0.0016895537249684252 +/- 0.0003811016648985042
s4 = -0.0014336258924841363 +/- 0.000780916148775446

