RMS reprojection error = 0.15801306036967105
sharpness = 4.440522921085358

Camera Matrix:
fx = 2700.308298344548 +/- 0.6228619487699507
fy = 2700.955534517695 +/- 0.7576291557994644
cx = 1639.8200569366409 +/- 1.6295484106190672
cy = 1229.6932925841263 +/- 1.7519583838661645

Radial Distortion:
k1 = 3.341906551598796 +/- 1.3292398327096984
k2 = 37.2280257708254 +/- 3.449223903135895
k3 = 29.650771094888242 +/- 0.28305210224903804
k4 = 3.241473282468316 +/- 1.3384833235813258
k5 = 35.345726691583174 +/- 3.108108460191997
k6 = 31.537517677586923 +/- 0.436415586694398

Tangential Distortion
p1 = 0.002175817028196154 /- 0.0005028985452271943
p2 = 0.0022513288639743486 /- 0.0004972185645080443

Thin Prism Distortion:
s1 = -0.002461995533003213 +/- 0.0005199337466463943
s2 = -0.0002986763675465266 +/- 0.00138620874485615
s3 = -0.001595865377345197 +/- 0.00045576985543529803
s4 = -0.0013421220653444578 +/- 0.0009345339261577099

