RMS reprojection error = 0.11175951821783295
sharpness = 1.6048257410526277

Camera Matrix:
fx = 2700.440418904684 +/- 0.4463537257086895
fy = 2700.6591651495382 +/- 0.5408527329979722
cx = 1638.9020722905896 +/- 1.1606148770499014
cy = 1231.0672631450175 +/- 1.2452443471393262

Radial Distortion:
k1 = 5.215612942758033 +/- 1.0748525435603082
k2 = 34.692379539453924 +/- 2.5790172280002386
k3 = 58.98690211765004 +/- 0.2375264833361747
k4 = 5.116702011737789 +/- 1.0819494963024237
k5 = 32.50020445471114 +/- 2.316991005726697
k6 = 60.893870947996405 +/- 0.3410468047893426

Tangential Distortion
p1 = 0.0023965230336501493 /- 0.0003567442207611049
p2 = 0.0019050970039861442 /- 0.00035323339304027746

Thin Prism Distortion:
s1 = -0.0020034840737714423 +/- 0.00036824887434557007
s2 = 7.683845335070345e-05 +/- 0.0009837436295147336
s3 = -0.0018256775220197433 +/- 0.0003228696412114985
s4 = -0.0013797202232042427 +/- 0.000661785617788344

