RMS reprojection error = 0.33344618379724766
sharpness = 15.370935153961181

Camera Matrix:
fx = 2699.2877615834586 +/- 1.391694205642121
fy = 2699.9971277373074 +/- 1.6535853783523113
cx = 1635.048320813189 +/- 3.4700377552225277
cy = 1232.1251460620933 +/- 3.758224505235614

Radial Distortion:
k1 = 1.9117311813820053 +/- 14.28665405838934
k2 = 33.52251745401628 +/- 16.202073702836596
k3 = 9.691494893927931 +/- 262.6056206091034
k4 = 1.796647413028998 +/- 14.313453062236759
k5 = 32.09438185188837 +/- 18.298753692694337
k6 = 11.350114339036699 +/- 261.7273445032209

Tangential Distortion
p1 = 0.002437830807256277 /- 0.0010756458604838104
p2 = 0.0002670933760269314 /- 0.001055458514554004

Thin Prism Distortion:
s1 = -0.00010808354354431023 +/- 0.001100538781876876
s2 = 0.0018315214432225299 +/- 0.0029450544595466823
s3 = -0.001857912914911666 +/- 0.0009688383781455221
s4 = -0.00184421817398402 +/- 0.001978084706278751

