RMS reprojection error = 0.1115533058930811
sharpness = 1.67206076780955

Camera Matrix:
fx = 2700.33995483636 +/- 0.3873210902465793
fy = 2700.260026075431 +/- 0.48407928912466563
cx = 1638.7529139333126 +/- 0.6202791265370247
cy = 1231.0491719232764 +/- 0.7079210953612309

Radial Distortion:
k1 = 5.732219833640053 +/- 1.588681518220491
k2 = 36.2577068721807 +/- 1.6320639219395967
k3 = 55.28439839907189 +/- 16.92241295406196
k4 = 5.637913989617414 +/- 1.595950800308669
k5 = 33.9051119387544 +/- 1.4134106519781702
k6 = 57.53838542165434 +/- 17.193767892466386

Tangential Distortion
p1 = 0.002180828351131462 /- 0.00021718679477737877
p2 = 0.0019295072325989514 /- 0.0002184491792471753

Thin Prism Distortion:
s1 = -0.002194897713444589 +/- 0.0003165630442210843
s2 = 0.00037481066073360964 +/- 0.0002469298946591171
s3 = -0.0013630879374312386 +/- 0.00025483684422733267
s4 = -0.0013873754452374653 +/- 0.00023227746253521548

