RMS reprojection error = 0.24925129744455451
sharpness = 11.79588541984558

Camera Matrix:
fx = 2699.7086540637174 +/- 1.0358158006288731
fy = 2699.4593646241665 +/- 1.2316327350272736
cx = 1641.754025722693 +/- 2.55446245550785
cy = 1231.9296823720963 +/- 2.758717658480289

Radial Distortion:
k1 = 1.2499376589367401 +/- 8.227938251016807
k2 = 38.89688531566956 +/- 10.370319435166463
k3 = -10.77369087563207 +/- 154.7023819384608
k4 = 1.1489094810021716 +/- 8.24727836331403
k5 = 37.37404674473744 +/- 11.466229883648204
k6 = -8.63566056336613 +/- 154.20491111719804

Tangential Distortion
p1 = 0.0026085293687629534 /- 0.0007926663356847991
p2 = 0.00250148473043768 /- 0.0007788689534668356

Thin Prism Distortion:
s1 = -0.0022149472389426726 +/- 0.000817375408719226
s2 = -0.0010518442342777557 +/- 0.002192699079216331
s3 = -0.002119515346692675 +/- 0.0007200877626044788
s4 = -0.0005466763263140735 +/- 0.0014692194209212535

