RMS reprojection error = 0.2649681666991022
sharpness = 12.166179219881693

Camera Matrix:
fx = 2700.5487535183684 +/- 0.9454548541004797
fy = 2700.0956202757143 +/- 1.1695581153230674
cx = 1639.1364540784282 +/- 1.4200103312462609
cy = 1228.8526049964726 +/- 1.6805802907465333

Radial Distortion:
k1 = 5.970084248104065 +/- 3.713685627478235
k2 = 38.744269856557885 +/- 4.263433480493979
k3 = 54.64574945636092 +/- 38.747310647383095
k4 = 5.88273580469256 +/- 3.7322933045614035
k5 = 36.23716891619915 +/- 3.6698210804294042
k6 = 57.098347203630425 +/- 39.41837479955576

Tangential Distortion
p1 = 0.0020509837464441033 /- 0.0005045357523188823
p2 = 0.0018440322839362922 /- 0.000493268422937439

Thin Prism Distortion:
s1 = -0.002046747260552305 +/- 0.0007233384733672238
s2 = 0.0004805508385863991 +/- 0.000577786586138702
s3 = -0.0014980575256067171 +/- 0.0005905754219964879
s4 = -0.0007947479436387639 +/- 0.0005552163140920577

