RMS reprojection error = 0.15354655613627102
sharpness = 3.0978996654351554

Camera Matrix:
fx = 2699.557152162395 +/- 0.5398134239270341
fy = 2699.705492941563 +/- 0.6706428121943471
cx = 1639.1083659442868 +/- 0.8229934452352266
cy = 1231.1297892428563 +/- 0.9768540964656464

Radial Distortion:
k1 = 5.2856257224163485 +/- 2.1500761661686463
k2 = 35.500062113087516 +/- 2.2731977884879506
k3 = 51.42284087697715 +/- 22.943524502411684
k4 = 5.187105150582316 +/- 2.160080099376387
k5 = 33.27180154220425 +/- 1.9560620673542692
k6 = 53.56130364274061 +/- 23.31474418278789

Tangential Distortion
p1 = 0.0023688617057177307 /- 0.00029293096106345506
p2 = 0.0019674070743875057 /- 0.0002856850978578229

Thin Prism Distortion:
s1 = -0.002198242668898948 +/- 0.00041921533064498537
s2 = 0.0003327457191939962 +/- 0.0003335655308009916
s3 = -0.0016978745592476261 +/- 0.00034261104239774535
s4 = -0.0014803194627490868 +/- 0.00032114594821078463

