RMS reprojection error = 0.11312355691240698
sharpness = 1.625284993648529

Camera Matrix:
fx = 2700.6959137841063 +/- 0.4552908258473422
fy = 2700.5978475664747 +/- 0.5504397294714409
cx = 1638.8213934948135 +/- 1.1748071361256638
cy = 1229.9707417500633 +/- 1.2589662603241238

Radial Distortion:
k1 = 5.8712937165078865 +/- 1.1397367094072872
k2 = 35.544192596995245 +/- 2.6919300138516142
k3 = 63.06491800180085 +/- 0.2545617035944882
k4 = 5.776568028932619 +/- 1.1472684696657443
k5 = 33.17568638325884 +/- 2.416209231983065
k6 = 65.18576532695909 +/- 0.3565828310214369

Tangential Distortion
p1 = 0.0020324414303936633 /- 0.0003607800296577945
p2 = 0.0017860373830449103 /- 0.0003575761711929953

Thin Prism Distortion:
s1 = -0.0017964281960405255 +/- 0.0003727784331414267
s2 = 0.00012688924037382502 +/- 0.00099573670467849
s3 = -0.0014968356436108035 +/- 0.0003266723045321917
s4 = -0.001073077074712197 +/- 0.0006698748718765173

