RMS reprojection error = 0.35719933884789384
sharpness = 17.527717391649883

Camera Matrix:
fx = 2700.5900851641672 +/- 1.299610258233355
fy = 2700.675156707972 +/- 1.6038347102484152
cx = 1639.2949964031632 +/- 1.9811086988797737
cy = 1230.9559772457876 +/- 2.272622145368962

Radial Distortion:
k1 = 8.758786043195514 +/- 7.049544216658359
k2 = 36.301208205277966 +/- 5.585855503068271
k3 = 93.40451377924586 +/- 79.56171965979104
k4 = 8.674023233455602 +/- 7.079401902856511
k5 = 33.298043069344295 +/- 4.933936730722164
k6 = 96.0005948613459 +/- 80.64157237756653

Tangential Distortion
p1 = 0.002746126890788409 /- 0.0006966659724505012
p2 = 0.002319484450943003 /- 0.0006980980486149715

Thin Prism Distortion:
s1 = -0.0030522719893960556 +/- 0.0010135554940514755
s2 = 0.0007923574462181453 +/- 0.0007844576591332898
s3 = -0.0022413850826211116 +/- 0.0008165505443558353
s4 = -0.0012956979165063603 +/- 0.0007415677506036344

