RMS reprojection error = 0.20445205611765194
sharpness = 8.23003168106079

Camera Matrix:
fx = 2700.127250368608 +/- 0.8150353207892432
fy = 2700.615424832626 +/- 0.9882726770957821
cx = 1640.7813252677672 +/- 2.1009233389768953
cy = 1234.008247730566 +/- 2.2478783473217705

Radial Distortion:
k1 = 4.74036435955707 +/- 1.9187569637359552
k2 = 34.79798093379372 +/- 4.484758978651635
k3 = 46.00505617878142 +/- 0.42694933486594144
k4 = 4.642183260914058 +/- 1.9316118380890308
k5 = 32.66408716453765 +/- 4.015298179675179
k6 = 48.16672970777289 +/- 0.6239351827767022

Tangential Distortion
p1 = 0.0031916430916138446 /- 0.0006457621554103466
p2 = 0.0022159271498005265 /- 0.0006407917066020347

Thin Prism Distortion:
s1 = -0.001997606993304666 +/- 0.0006703499342245571
s2 = -0.0009820613714793434 +/- 0.0018028636358781071
s3 = -0.002602115736537631 +/- 0.0005870321490629318
s4 = -0.0027507579270049736 +/- 0.0012081521091936397

