RMS reprojection error = 0.3429668956665079
sharpness = 16.267281969388325

Camera Matrix:
fx = 2699.7893154234334 +/- 1.1625844411227635
fy = 2700.9610063205496 +/- 1.4605495870301237
cx = 1639.2375488558096 +/- 1.8412798461035602
cy = 1232.1489850650803 +/- 2.186792909606861

Radial Distortion:
k1 = 3.2805106888018236 +/- 3.7172950368046767
k2 = 34.58589877805348 +/- 4.6624734416150355
k3 = 30.9563628665233 +/- 39.73701496003264
k4 = 3.1731084024087988 +/- 3.735370864554647
k5 = 32.821792487134836 +/- 4.047696323934083
k6 = 32.710511660333104 +/- 40.37599554656219

Tangential Distortion
p1 = 0.002458605675669437 /- 0.0006557904396517355
p2 = 0.0014528037418531183 /- 0.0006394164426635683

Thin Prism Distortion:
s1 = -0.0010564461467795787 +/- 0.0009371867435006152
s2 = 7.97867278658e-05 +/- 0.0007466205192548287
s3 = -0.0017866866121670638 +/- 0.0007661782181421218
s4 = -0.0019005604237716078 +/- 0.0007186113179759813

