RMS reprojection error = 0.17946056033983535
sharpness = 5.92947211265564

Camera Matrix:
fx = 2700.6560008641477 +/- 0.715724311770825
fy = 2700.5642710541906 +/- 0.8672472473450366
cx = 1639.670590536422 +/- 1.8504155970479117
cy = 1231.3741940739715 +/- 1.989988613299057

Radial Distortion:
k1 = 5.812268645786148 +/- 1.724490961427103
k2 = 31.405907019055732 +/- 4.08446237103731
k3 = 85.10780599692379 +/- 0.3876806522878126
k4 = 5.710902893062677 +/- 1.735719378383335
k5 = 29.190262937677957 +/- 3.6762381788546126
k6 = 86.59915299859924 +/- 0.5646681614543098

Tangential Distortion
p1 = 0.0023564180704919 /- 0.0005709313663021231
p2 = 0.002135225522636268 /- 0.0005641867697520339

Thin Prism Distortion:
s1 = -0.0023355611995190336 +/- 0.0005900261299247913
s2 = -0.00026676007883623566 +/- 0.0015782560621842505
s3 = -0.0017441607075988845 +/- 0.0005175582495574636
s4 = -0.001134259911989981 +/- 0.0010625124015558405

