RMS reprojection error = 0.39901659061616906
sharpness = 14.11520013809204

Camera Matrix:
fx = 2699.5157712295836 +/- 1.5810772065369503
fy = 2700.114613317043 +/- 1.90798290970853
cx = 1632.4062591049542 +/- 4.052128674860358
cy = 1229.2622760049987 +/- 4.463612968419597

Radial Distortion:
k1 = -0.9382745077965897 +/- 9.35943692224864
k2 = 40.043529153949734 +/- 10.72087205922776
k3 = -44.9226837959299 +/- 172.2825024879243
k4 = -1.0519658734890769 +/- 9.382673858635796
k5 = 39.00583202242216 +/- 11.577583750991533
k6 = -42.98614097796194 +/- 171.73150554741292

Tangential Distortion
p1 = 0.001800799775774066 /- 0.0012798533091442615
p2 = 0.0006686597565666673 /- 0.0012425234264278873

Thin Prism Distortion:
s1 = -0.001987166031512739 +/- 0.0013123530813732224
s2 = 0.0069632801845331445 +/- 0.0034757205022826845
s3 = -0.0005825273068832034 +/- 0.0011546754227521805
s4 = -0.002752297761645925 +/- 0.002365212250348595

