RMS reprojection error = 0.3524944333301442
sharpness = 16.055518627166748

Camera Matrix:
fx = 2699.271309528411 +/- 1.1783479375731796
fy = 2699.367634740191 +/- 1.4860811693511118
cx = 1637.0131232172457 +/- 1.8873949847715705
cy = 1230.7084523351382 +/- 2.238736976007907

Radial Distortion:
k1 = 2.856802207758959 +/- 3.89528945271207
k2 = 30.897801748762095 +/- 4.542584291491843
k3 = 27.151205962336874 +/- 40.97157851654756
k4 = 2.7343221400132847 +/- 3.9124418965893817
k5 = 29.389810465937433 +/- 3.900390772412681
k6 = 28.67740389735891 +/- 41.6543011396044

Tangential Distortion
p1 = 0.0026483798981788544 /- 0.0006721815013274349
p2 = 0.0014416520291648822 /- 0.0006564038376626981

Thin Prism Distortion:
s1 = -0.0017478559014834476 +/- 0.0009629231695059014
s2 = 0.000973758290059431 +/- 0.0007679805541791127
s3 = -0.001814002073387009 +/- 0.0007864315740626054
s4 = -0.001185852802335456 +/- 0.0007391603498757088

