RMS reprojection error = 0.16863473926090872
sharpness = 4.966158103942871

Camera Matrix:
fx = 2700.5389799780005 +/- 0.6738577388090206
fy = 2700.9522848770685 +/- 0.8109845631027316
cx = 1639.301098613208 +/- 1.7415384546014856
cy = 1231.3809483762805 +/- 1.8856983894661454

Radial Distortion:
k1 = -0.6899921949761592 +/- 3.8080294998124846
k2 = 40.840481160691844 +/- 4.5610565523374005
k3 = -48.83829667770064 +/- 65.57089762231725
k4 = -0.7966264559484877 +/- 3.818316752378693
k5 = 39.684258293325605 +/- 4.901890238084664
k6 = -46.59937798598799 +/- 65.46521279910901

Tangential Distortion
p1 = 0.002190860451783595 /- 0.0005405601882729044
p2 = 0.001817232222971886 /- 0.0005299516749184894

Thin Prism Distortion:
s1 = -0.00166664732027531 +/- 0.0005547458511832313
s2 = -0.00029629474749854365 +/- 0.001487121571444286
s3 = -0.0015076146315021028 +/- 0.0004894207290976395
s4 = -0.0009864915064308583 +/- 0.0009965116546150343

