RMS reprojection error = 0.7565975817083649
sharpness = 17.292669693628948

Camera Matrix:
fx = 2701.090964959027 +/- 2.9833043672534356
fy = 2702.3011084283053 +/- 3.593795257140708
cx = 1640.3367889805659 +/- 3.9835069358045163
cy = 1230.49411902811 +/- 4.772131482537614

Radial Distortion:
k1 = 11.646963731807551 +/- 15.840777257659505
k2 = 46.54805121002188 +/- 15.01829125162016
k3 = 124.9362035712492 +/- 184.42610782185577
k4 = 11.601984281070816 +/- 15.924590250690436
k5 = 42.482106902725945 +/- 13.014797907758966
k6 = 128.41955657587323 +/- 186.9499006695854

Tangential Distortion
p1 = 0.0026315522641686467 /- 0.001436321032672032
p2 = 0.0022443122232233444 /- 0.0013962976436146175

Thin Prism Distortion:
s1 = -0.0031644448785062397 +/- 0.002061550664062617
s2 = 0.0011128682371834297 +/- 0.0016168942588517126
s3 = -0.0019122956677890001 +/- 0.001684041098478337
s4 = -0.0011522854462652846 +/- 0.0015689532741333888

