RMS reprojection error = 0.6799836376984436
sharpness = 16.015779453775156

Camera Matrix:
fx = 2700.9378349537137 +/- 2.626570214563261
fy = 2702.0337989658524 +/- 3.1479267756149514
cx = 1637.377230629793 +/- 3.731558344500641
cy = 1228.190227380681 +/- 4.400929155304462

Radial Distortion:
k1 = 8.072905851328892 +/- 13.222613265630072
k2 = 36.22809661676456 +/- 11.174883381904555
k3 = 84.22742939189493 +/- 146.94837127478087
k4 = 7.984240121368876 +/- 13.280621559816161
k5 = 33.37244504400224 +/- 9.629762529203585
k6 = 86.72766892146223 +/- 149.0347810015799

Tangential Distortion
p1 = 0.003274450674579172 /- 0.0013675859004689285
p2 = 0.0008158884271294633 /- 0.0013388404541389402

Thin Prism Distortion:
s1 = 0.00013377011998431642 +/- 0.002002687753551743
s2 = 0.0006059599867474812 +/- 0.0014973953249585745
s3 = -0.003071047238002871 +/- 0.0016781272498817019
s4 = -0.0007123708313507741 +/- 0.0014407173242488567

