RMS reprojection error = 0.17473813042919073
sharpness = 5.937096248070399

Camera Matrix:
fx = 2700.1133007595017 +/- 0.6161359069128075
fy = 2700.2249801152348 +/- 0.7665778744856768
cx = 1638.078688804698 +/- 0.9700865803902762
cy = 1230.9321898069472 +/- 1.1085435736795077

Radial Distortion:
k1 = 6.745603142942951 +/- 2.799358383078219
k2 = 36.237685632204254 +/- 2.627104806947502
k3 = 66.92683354575398 +/- 30.1977158020902
k4 = 6.653871202643238 +/- 2.8117865860778153
k5 = 33.66921395912741 +/- 2.275726472038264
k6 = 69.31537452969756 +/- 30.663699745153085

Tangential Distortion
p1 = 0.0023029954620001447 /- 0.0003402637562207401
p2 = 0.0015487528001402115 /- 0.0003418892501796397

Thin Prism Distortion:
s1 = -0.001633684252569023 +/- 0.0004957693546478689
s2 = 0.0006592996174813416 +/- 0.00038607411132586674
s3 = -0.0017196142705565912 +/- 0.0003992083343784246
s4 = -0.0011077920380287165 +/- 0.00036352857276603117

