RMS reprojection error = 0.4468500991413766
sharpness = 13.760154644648233

Camera Matrix:
fx = 2701.223395275431 +/- 1.6523545012545535
fy = 2700.8636995542547 +/- 2.0277858611771262
cx = 1637.9090431664526 +/- 2.509742247770953
cy = 1229.9567563966118 +/- 2.8554390100165437

Radial Distortion:
k1 = 10.10772776201984 +/- 10.159805772130339
k2 = 35.864120392173675 +/- 7.8559047202870875
k3 = 97.70566483937728 +/- 106.69012286942628
k4 = 10.017933857500742 +/- 10.200262946332735
k5 = 32.648824651499574 +/- 6.655484651726681
k6 = 100.57818054629061 +/- 108.36700877580914

Tangential Distortion
p1 = 0.0015266477779699594 /- 0.0008745763379635079
p2 = 0.0018823880839476238 /- 0.000880607133702578

Thin Prism Distortion:
s1 = -0.0020371864160425583 +/- 0.0012716810072611324
s2 = 0.0005881553467527363 +/- 0.0009959391819219091
s3 = -0.0011406509480733655 +/- 0.0010232335578284155
s4 = -0.0007121586171212178 +/- 0.0009348892044623035

