RMS reprojection error = 0.18033788987702448
sharpness = 5.6611165523529055

Camera Matrix:
fx = 2700.3768909656096 +/- 0.7070789725140951
fy = 2700.682612982902 +/- 0.8560671012803794
cx = 1638.0767780130939 +/- 1.878012450683342
cy = 1231.0320950173962 +/- 2.036030791418996

Radial Distortion:
k1 = -1.4657151369683896 +/- 3.3518598762808907
k2 = 40.88402058210097 +/- 4.015123918484662
k3 = -63.45722419537079 +/- 54.46352653671452
k4 = -1.5785713373833423 +/- 3.361514215345523
k5 = 39.918227253250016 +/- 4.147887205238518
k6 = -61.249295249819916 +/- 54.4156994494213

Tangential Distortion
p1 = 0.0021252151187398797 /- 0.0005826865544418332
p2 = 0.0019641378145281614 /- 0.0005712750703318995

Thin Prism Distortion:
s1 = -0.002398455810439461 +/- 0.0005955110338905556
s2 = 0.0010195922282498686 +/- 0.0015935297323387302
s3 = -0.001396694652283691 +/- 0.0005253938293329346
s4 = -0.0014289110245124274 +/- 0.0010688350188300716

