RMS reprojection error = 0.19360816733250297
sharpness = 6.894815349578858

Camera Matrix:
fx = 2700.3778611931707 +/- 0.7916663020744935
fy = 2701.047539305992 +/- 0.9532191787524956
cx = 1639.3155118365144 +/- 2.0089675475748665
cy = 1233.1455689795084 +/- 2.1522349457205974

Radial Distortion:
k1 = 7.986188816675761 +/- 2.174029149862428
k2 = 34.39580247673174 +/- 4.963972655169865
k3 = 101.26411964747446 +/- 0.499375418533708
k4 = 7.8969989441124016 +/- 2.188130679432627
k5 = 31.616248738606398 +/- 4.458980781857229
k6 = 103.30838215686047 +/- 0.6705612430606976

Tangential Distortion
p1 = 0.003000459355454922 /- 0.0006164578369025791
p2 = 0.00195094008419172 /- 0.0006116260242217064

Thin Prism Distortion:
s1 = -0.0019727700230205703 +/- 0.0006375495576496423
s2 = -0.0002251482067409031 +/- 0.0017045677049160703
s3 = -0.002371479666026233 +/- 0.0005582978004030542
s4 = -0.0014712529192052778 +/- 0.0011455045481464459

