RMS reprojection error = 0.2962147177465125
sharpness = 13.952258729934693

Camera Matrix:
fx = 2699.5546159837027 +/- 1.152227708934197
fy = 2700.34195983044 +/- 1.405373445090002
cx = 1637.7904895932932 +/- 2.9854013774500867
cy = 1232.449984077883 +/- 3.272019836752377

Radial Distortion:
k1 = 5.177635735873413 +/- 2.4477779810752707
k2 = 22.32527722352426 +/- 6.077348360839207
k3 = 131.57662139360363 +/- 0.5702637944446388
k4 = 5.058463436985337 +/- 2.463283421706647
k5 = 20.57210378937051 +/- 5.517920502021256
k6 = 131.4098128609908 +/- 0.8808727635890297

Tangential Distortion
p1 = 0.002423514347228793 /- 0.0009411500165772913
p2 = 0.0013881792821419255 /- 0.0009169599386795444

Thin Prism Distortion:
s1 = -0.0017684164399820281 +/- 0.0009695413493118126
s2 = 0.002851666112162137 +/- 0.0025791334019448944
s3 = -0.0020008616345482547 +/- 0.0008523299905505949
s4 = -0.0014613531954322369 +/- 0.0017552098337180913

