RMS reprojection error = 0.13102550151985487
sharpness = 2.399694045384725

Camera Matrix:
fx = 2699.964311515862 +/- 0.4490389372358463
fy = 2699.8246023413535 +/- 0.5633320335017482
cx = 1639.0231208809596 +/- 0.727440055808192
cy = 1231.325533609436 +/- 0.8307470280350207

Radial Distortion:
k1 = 4.928638703806333 +/- 1.7180318848049945
k2 = 35.682236752183165 +/- 1.8526386099326115
k3 = 47.58533645749526 +/- 18.348040483922606
k4 = 4.829968051781641 +/- 1.7259468613168236
k5 = 33.52338284575558 +/- 1.6059956909875137
k6 = 49.67826632443534 +/- 18.642351712883713

Tangential Distortion
p1 = 0.002409617922992338 /- 0.0002549363136169672
p2 = 0.0020342980651967416 /- 0.0002563909219415059

Thin Prism Distortion:
s1 = -0.0023562564553286248 +/- 0.0003717114486294128
s2 = 0.00017438584842220756 +/- 0.0002894929928100028
s3 = -0.0015823857117930747 +/- 0.00029922373903957584
s4 = -0.0014236806725744342 +/- 0.00027252456082248324

