RMS reprojection error = 0.8390547484735348
sharpness = 15.229760607083639

Camera Matrix:
fx = 2702.0196209568307 +/- 4.162810405102167
fy = 2702.0352615985084 +/- 4.735583945696161
cx = 1634.8027905447393 +/- 4.526960291900617
cy = 1230.6768117022507 +/- 5.347676865966542

Radial Distortion:
k1 = 31.480234791057594 +/- 47.573293387879914
k2 = 39.05199979110631 +/- 22.13174130337597
k3 = 315.7348579969007 +/- 502.65826252706313
k4 = 31.491679604127498 +/- 47.786797448169885
k5 = 31.13400619941589 +/- 22.747629124150105
k6 = 322.6321312907565 +/- 510.8588395417577

Tangential Distortion
p1 = 0.002465864840141439 /- 0.0016002258254175985
p2 = 0.001077528410633688 /- 0.0015587570815269913

Thin Prism Distortion:
s1 = -0.0016984957982375504 +/- 0.0022880084526344293
s2 = 0.001751590271648173 +/- 0.0018364958896613613
s3 = -0.0018296867540253709 +/- 0.0018721995486356549
s4 = -0.003390981997137109 +/- 0.0017583562203614279

