RMS reprojection error = 0.2872197766122039
sharpness = 14.278017421563467

Camera Matrix:
fx = 2700.6157109556007 +/- 1.0185490415091754
fy = 2699.98986490846 +/- 1.2645481575039337
cx = 1639.6018934883632 +/- 1.5945137425953015
cy = 1230.0230166987242 +/- 1.8198549275546294

Radial Distortion:
k1 = 7.077934240383544 +/- 4.751358598467388
k2 = 36.625533193975954 +/- 4.458216368334149
k3 = 69.62045752359329 +/- 51.15363328226671
k4 = 6.986189113041267 +/- 4.772364127472835
k5 = 33.97460669137193 +/- 3.839652283644516
k6 = 72.06128384264946 +/- 51.940438045994114

Tangential Distortion
p1 = 0.0017959642352770656 /- 0.000559450354078007
p2 = 0.002010710021180424 /- 0.0005625946678117856

Thin Prism Distortion:
s1 = -0.0016925397868188521 +/- 0.000815200730525843
s2 = -0.00014805556129734136 +/- 0.0006356412989316182
s3 = -0.0009061366878099632 +/- 0.000656211956134647
s4 = -0.0013473602123713058 +/- 0.000598457669147887

