RMS reprojection error = 0.7268156680464156
sharpness = 13.554766273498535

Camera Matrix:
fx = 2699.2120817979576 +/- 2.9408383325116474
fy = 2700.3439794400188 +/- 3.5537579649820636
cx = 1637.126491406926 +/- 7.535913561847925
cy = 1239.4243368329878 +/- 8.006889213262935

Radial Distortion:
k1 = 8.000782839692413 +/- 8.235242266546217
k2 = 27.726064891229075 +/- 16.90164156225605
k3 = 99.76736518392268 +/- 1.9497306225900903
k4 = 7.898315462440461 +/- 8.285413329449748
k5 = 25.13401420414283 +/- 15.05485697047596
k6 = 101.83292763642676 +/- 2.535890354138744

Tangential Distortion
p1 = 0.004054496422258196 /- 0.0022974000357632784
p2 = -9.533422312101047e-05 /- 0.0022906721280825507

Thin Prism Distortion:
s1 = 0.0015882527036535478 +/- 0.0023843635111182233
s2 = -0.0023571156473120303 +/- 0.006455935174804727
s3 = -0.0027793430129502248 +/- 0.002084558490241339
s4 = -0.003853756171313523 +/- 0.0042984048106388135

