RMS reprojection error = 0.6765806445413302
sharpness = 15.01586618423462

Camera Matrix:
fx = 2699.86748402355 +/- 2.6281621490610556
fy = 2701.8355867556097 +/- 3.2089293524064257
cx = 1634.2576035735747 +/- 6.750038097411627
cy = 1243.2178711099396 +/- 7.529042449911072

Radial Distortion:
k1 = 3.4893030711432402 +/- 5.065669379741695
k2 = 30.748639518395898 +/- 13.713308700908511
k3 = 89.62463022399949 +/- 1.1267689296522672
k4 = 3.383404621677679 +/- 5.101115528076026
k5 = 29.053945993891233 +/- 12.48676982044244
k6 = 89.8832772949432 +/- 1.8338984576722794

Tangential Distortion
p1 = 0.004157385017508568 /- 0.0021586404459236173
p2 = 0.001019522132700843 /- 0.0020784252190951453

Thin Prism Distortion:
s1 = -0.001678122864260679 +/- 0.002210557799505504
s2 = 0.008448211463021722 +/- 0.005803642698848122
s3 = -0.0023136519630743107 +/- 0.0019475633451065653
s4 = -0.006477616153170612 +/- 0.0039948583473812934

