RMS reprojection error = 0.29481375022518913
sharpness = 14.237103780110678

Camera Matrix:
fx = 2700.6736581782693 +/- 1.0702084964942409
fy = 2702.041821565992 +/- 1.3217450038850178
cx = 1639.7363074779623 +/- 1.6472024421983813
cy = 1230.7053760183305 +/- 1.8776077848216242

Radial Distortion:
k1 = 8.528609973067745 +/- 5.318388487049198
k2 = 40.03351872177728 +/- 5.304782598878306
k3 = 79.87301914880902 +/- 56.16189563902568
k4 = 8.446111428502054 +/- 5.342681601346379
k5 = 36.97432331605507 +/- 4.512401340615623
k6 = 82.68099788662477 +/- 57.05986066813285

Tangential Distortion
p1 = 0.0017373638268357392 /- 0.0005759568150974648
p2 = 0.002158740926572485 /- 0.000580197070875103

Thin Prism Distortion:
s1 = -0.0025842989823314797 +/- 0.0008385051412208925
s2 = 0.0005764168601399028 +/- 0.0006549433490039319
s3 = -0.0007880195405542676 +/- 0.0006742416729257045
s4 = -0.001352856620956261 +/- 0.0006153485020852689

