RMS reprojection error = 0.7319928726290784
sharpness = 15.632035255432129

Camera Matrix:
fx = 2699.8519542445297 +/- 2.298943163143427
fy = 2698.8848453529886 +/- 2.9592651913672867
cx = 1638.4377670695367 +/- 4.091779401508103
cy = 1231.4637799721318 +/- 4.662943435590085

Radial Distortion:
k1 = 0.18712504738084135 +/- 4.666636292992776
k2 = 29.64311177618554 +/- 7.234621571312037
k3 = 1.495881534292038 +/- 48.20972121505646
k4 = 0.06289597279269134 +/- 4.690033677739311
k5 = 28.726344430975285 +/- 6.424897225542555
k6 = 2.5878168225579685 +/- 49.0724129477926

Tangential Distortion
p1 = 0.0018978412243884223 /- 0.0014258022828372954
p2 = 0.0019422751752604262 /- 0.0014354723802679282

Thin Prism Distortion:
s1 = -0.002394340977737893 +/- 0.0020778827081218715
s2 = -3.870711058901834e-05 +/- 0.0016250129794533354
s3 = -0.0012928579442780972 +/- 0.0016737721199064045
s4 = -0.001280669502274712 +/- 0.0015259659056259364

