RMS reprojection error = 0.3340250843844681
sharpness = 16.251128991444904

Camera Matrix:
fx = 2701.0299610880156 +/- 1.2107298958287396
fy = 2700.3612930386216 +/- 1.4936642585637845
cx = 1637.7460278267822 +/- 1.8674508456337158
cy = 1230.1183202772138 +/- 2.1257797796066695

Radial Distortion:
k1 = 8.400235107592179 +/- 5.758565776515265
k2 = 40.70165582120935 +/- 5.8823070105018385
k3 = 77.39468726843793 +/- 60.04854991845249
k4 = 8.323625776957607 +/- 5.785889477580309
k5 = 37.63681316372644 +/- 5.0428164444311765
k6 = 80.3019779275931 +/- 61.05993032567192

Tangential Distortion
p1 = 0.0017030331348359923 /- 0.0006512510112524931
p2 = 0.001690355297482386 /- 0.000656183754559828

Thin Prism Distortion:
s1 = -0.0018175167909038302 +/- 0.0009488279961546556
s2 = 0.0006350067883165895 +/- 0.0007409549591865244
s3 = -0.0008775335605823865 +/- 0.0007634979284212258
s4 = -0.0004821214009151664 +/- 0.0006959666322461073

