RMS reprojection error = 0.1793132168973628
sharpness = 6.5661849737167355

Camera Matrix:
fx = 2700.478092033204 +/- 0.7200689676273624
fy = 2700.3440010285035 +/- 0.8653611371089862
cx = 1639.3445460007617 +/- 1.8615635773886448
cy = 1232.8092798304683 +/- 2.0000317555028104

Radial Distortion:
k1 = -0.4129010344391835 +/- 3.623451767967558
k2 = 43.20439350171129 +/- 4.267096889307044
k3 = -61.58165856612072 +/- 55.95497315859502
k4 = -0.5190047785268228 +/- 3.6346783525563513
k5 = 41.92151020860015 +/- 4.3652992223392335
k6 = -58.89653362149839 +/- 55.98396870137258

Tangential Distortion
p1 = 0.002429820950086349 /- 0.0005738325014919201
p2 = 0.001878679570391183 /- 0.0005670476602079253

Thin Prism Distortion:
s1 = -0.0018341027814727723 +/- 0.0005910740821325278
s2 = 0.0002813283737845703 +/- 0.0015890364899288844
s3 = -0.001668753402317676 +/- 0.0005191858939485724
s4 = -0.001975623768055816 +/- 0.0010621997066198772

