RMS reprojection error = 0.306185585200332
sharpness = 13.948148926099142

Camera Matrix:
fx = 2698.883732195438 +/- 1.0059617822989448
fy = 2698.7294287606146 +/- 1.274989460913848
cx = 1638.9136218398141 +/- 1.6451204117394453
cy = 1229.6424982417059 +/- 1.9459602145283368

Radial Distortion:
k1 = 1.8685575369877139 +/- 2.6489809236452073
k2 = 32.35285649140754 +/- 3.851327801856139
k3 = 15.0210717187435 +/- 26.958294103367113
k4 = 1.7500356175051457 +/- 2.6621969420497242
k5 = 30.98867980153559 +/- 3.362479922047719
k6 = 16.50246330725327 +/- 27.454002649978023

Tangential Distortion
p1 = 0.002257418863906428 /- 0.0005838518479483664
p2 = 0.0012994737193112698 /- 0.0005710809494533786

Thin Prism Distortion:
s1 = -0.0009740870880311467 +/- 0.0008363641639818069
s2 = 2.799381239298501e-06 +/- 0.0006688969222839387
s3 = -0.0016534422142464318 +/- 0.0006830828785461544
s4 = -0.0011952858273712522 +/- 0.0006422550110064139

