RMS reprojection error = 0.13843506921315632
sharpness = 2.0038370341062546

Camera Matrix:
fx = 2699.790843649741 +/- 0.48028812612109667
fy = 2699.5032022081828 +/- 0.5988106667716092
cx = 1638.860860606529 +/- 0.7440404586072632
cy = 1231.290530619916 +/- 0.8818766362761324

Radial Distortion:
k1 = 4.5404592540276045 +/- 1.7526406681495925
k2 = 35.57928428037548 +/- 2.0347825257519734
k3 = 42.38865856820786 +/- 18.4211777597947
k4 = 4.439298621764119 +/- 1.7610123994055213
k5 = 33.51519259767795 +/- 1.7537496977574902
k6 = 44.42502373315756 +/- 18.731732920584342

Tangential Distortion
p1 = 0.002426933690392252 /- 0.0002642172689371478
p2 = 0.0017510290227357843 /- 0.00025800383639439995

Thin Prism Distortion:
s1 = -0.0018486781449043336 +/- 0.0003781677160427784
s2 = 0.00032369822960812963 +/- 0.0003011861118163846
s3 = -0.0017546089209385565 +/- 0.00030897006349310725
s4 = -0.0014105978634753992 +/- 0.00028976106426583883

