RMS reprojection error = 0.2490931635929901
sharpness = 11.468007612228394

Camera Matrix:
fx = 2700.3935136063287 +/- 0.9832712884634244
fy = 2700.203701979658 +/- 1.1949815009215559
cx = 1640.7518338004536 +/- 2.5934917117539804
cy = 1232.0674065747753 +/- 2.7839149326417982

Radial Distortion:
k1 = 4.3044479179197 +/- 2.276223064791236
k2 = 31.655450709506283 +/- 5.162025964690419
k3 = 47.09867111543121 +/- 0.5043931745859015
k4 = 4.199767003702086 +/- 2.290949281867903
k5 = 29.740921369279786 +/- 4.618274793258406
k6 = 48.94576272247013 +/- 0.7386493316741801

Tangential Distortion
p1 = 0.0031056731967357117 /- 0.0007965422168496025
p2 = 0.002623707574969461 /- 0.0007870516221589748

Thin Prism Distortion:
s1 = -0.0024932811419609287 +/- 0.000819477407505619
s2 = 0.00019371098905058374 +/- 0.0022017154983647
s3 = -0.003099747220118866 +/- 0.0007212387705089275
s4 = -0.0001344988616665103 +/- 0.0014745616357453122

