RMS reprojection error = 0.1153189256161309
sharpness = 1.7268142759799958

Camera Matrix:
fx = 2700.6908012680974 +/- 0.46599362806445405
fy = 2700.978021556919 +/- 0.5628541042462785
cx = 1638.6069794284226 +/- 1.1986454230851489
cy = 1230.5695221290387 +/- 1.2875955521424483

Radial Distortion:
k1 = 6.747057697508188 +/- 1.2057262126933463
k2 = 33.916243516836346 +/- 2.7938344293629176
k3 = 84.32590020807041 +/- 0.2726662105736797
k4 = 6.65325735678406 +/- 1.2135767597529454
k5 = 31.420073415312572 +/- 2.5102687845236833
k6 = 86.24460759063943 +/- 0.37681164329611877

Tangential Distortion
p1 = 0.002257148291760977 /- 0.0003686176849432921
p2 = 0.0017894337240373429 /- 0.00036465340542826116

Thin Prism Distortion:
s1 = -0.0019320044388947803 +/- 0.0003801429002680051
s2 = 0.0004551181610047367 +/- 0.001014124734281022
s3 = -0.0016782558039613856 +/- 0.00033344471678319314
s4 = -0.0013091138208578307 +/- 0.0006828193249471036

