RMS reprojection error = 0.1146949447232344
sharpness = 1.655893623828888

Camera Matrix:
fx = 2700.4300573847872 +/- 0.46512244023071675
fy = 2700.5947285786847 +/- 0.5611296496496392
cx = 1638.8234912224505 +/- 1.1895288311958783
cy = 1230.467917794502 +/- 1.2773224276379318

Radial Distortion:
k1 = 7.573047634950042 +/- 1.2377886399241034
k2 = 32.2426726780358 +/- 2.8296001539583315
k3 = 104.14877702888568 +/- 0.2836719726567537
k4 = 7.479078432141971 +/- 1.2457461925677824
k5 = 29.626618773617796 +/- 2.5440345123240418
k6 = 105.90515058635111 +/- 0.38822085593468497

Tangential Distortion
p1 = 0.002160528976861428 /- 0.00036597136612250784
p2 = 0.0018347212513084613 /- 0.0003621846765592126

Thin Prism Distortion:
s1 = -0.0018723476814555494 +/- 0.0003778471309709158
s2 = 4.807077426585127e-05 +/- 0.001008701168174545
s3 = -0.001602979552051293 +/- 0.00033129818603469394
s4 = -0.0010317932667139912 +/- 0.0006790259760842363

