RMS reprojection error = 0.18833811142288848
sharpness = 7.630095672607422

Camera Matrix:
fx = 2700.301921975973 +/- 0.8286509122493597
fy = 2700.566578272038 +/- 0.9708025412409843
cx = 1639.4177331306842 +/- 1.945504268490938
cy = 1232.3107933519107 +/- 2.079266426634652

Radial Distortion:
k1 = 5.0170141779190995 +/- 8.08517069751796
k2 = 37.428747308370994 +/- 8.762475041424555
k3 = 23.496128685093495 +/- 133.48316780556272
k4 = 4.922027777131568 +/- 8.10509953339823
k5 = 35.1372880873775 +/- 9.864306535911473
k6 = 26.417966888172664 +/- 133.49770393482507

Tangential Distortion
p1 = 0.0028145269596621487 /- 0.00059742085259481
p2 = 0.001895058117619169 /- 0.0005928372822027162

Thin Prism Distortion:
s1 = -0.0018081682708490745 +/- 0.0006187739996788078
s2 = -0.00013100768528630387 +/- 0.001673673034208473
s3 = -0.0023139656068519965 +/- 0.0005423725860786997
s4 = -0.0021478015563131223 +/- 0.0011148483414262684

