RMS reprojection error = 0.1855202732264649
sharpness = 7.1854654312133786

Camera Matrix:
fx = 2700.399938313983 +/- 0.8251294319516312
fy = 2700.985659499821 +/- 0.9638717352985237
cx = 1639.3085337977732 +/- 1.9176516551678462
cy = 1227.6252109587103 +/- 2.060174393343429

Radial Distortion:
k1 = 5.666047409328683 +/- 8.71773598096248
k2 = 37.00629479881164 +/- 9.892538541412577
k3 = 43.777067723552165 +/- 154.44574222758035
k4 = 5.574330538347413 +/- 8.738431939964084
k5 = 34.59908159511362 +/- 11.133169300648236
k6 = 46.431173859400744 +/- 154.17270023942945

Tangential Distortion
p1 = 0.0013725724027085812 /- 0.0005914807139086491
p2 = 0.0020989444222317007 /- 0.0005844559015649244

Thin Prism Distortion:
s1 = -0.0022835790376721974 +/- 0.0006106334507335735
s2 = 0.0005656374884909936 +/- 0.0016415333419212198
s3 = -0.0010065929946594442 +/- 0.0005363245228300257
s4 = 0.0004184388023633079 +/- 0.00109795530520022

