RMS reprojection error = 0.12922705754006758
sharpness = 2.082877039909363

Camera Matrix:
fx = 2700.184255097224 +/- 0.4492786927393782
fy = 2699.956446319343 +/- 0.5612245785300477
cx = 1639.2881773880417 +/- 0.7193057103027403
cy = 1231.430689903014 +/- 0.8197555473579835

Radial Distortion:
k1 = 5.786803411896133 +/- 1.8128334169228328
k2 = 37.09159749747832 +/- 1.944662854429946
k3 = 54.0506360147866 +/- 19.03829995321649
k4 = 5.694365481606035 +/- 1.8213091648604802
k5 = 34.69982285221927 +/- 1.6801991778912821
k6 = 56.37332094068244 +/- 19.35531368829676

Tangential Distortion
p1 = 0.0023165600542130824 /- 0.0002514586069449614
p2 = 0.0020445851406117018 /- 0.00025323942584955147

Thin Prism Distortion:
s1 = -0.002242890451255613 +/- 0.00036674064775341444
s2 = 0.00021445979577735036 +/- 0.00028638839173357976
s3 = -0.0015174352325500614 +/- 0.0002951108723666724
s4 = -0.0015065599223319853 +/- 0.00026912850384391997

