RMS reprojection error = 0.11989877648713015
sharpness = 1.558577299118042

Camera Matrix:
fx = 2699.799052783632 +/- 0.424759065413645
fy = 2700.0019720948167 +/- 0.5265091195692243
cx = 1638.5935754379186 +/- 0.643778582442339
cy = 1230.9995380476194 +/- 0.7633758588315874

Radial Distortion:
k1 = 5.698497450053688 +/- 1.7342670468394148
k2 = 36.26481526507131 +/- 1.841491474129529
k3 = 54.45462387865618 +/- 18.351588209983458
k4 = 5.602886299968281 +/- 1.74240095612877
k5 = 33.92369806377883 +/- 1.5810270773396078
k6 = 56.705105295352475 +/- 18.654494412149013

Tangential Distortion
p1 = 0.002371610514851343 /- 0.00022881200741210622
p2 = 0.0018402323658112654 /- 0.00022330192333721942

Thin Prism Distortion:
s1 = -0.0020613622187369077 +/- 0.00032746759838578636
s2 = 0.00038006122004376436 +/- 0.00026085724454387563
s3 = -0.00169208265310543 +/- 0.00026757277207871785
s4 = -0.0013739604358988745 +/- 0.0002509321510217065

