RMS reprojection error = 0.15856524620303883
sharpness = 4.248500883579254

Camera Matrix:
fx = 2700.2296449165497 +/- 0.6308981175132043
fy = 2700.269556670365 +/- 0.7650531494219938
cx = 1638.0456854163688 +/- 1.6352294970346262
cy = 1231.8110423250216 +/- 1.7612743420999595

Radial Distortion:
k1 = 4.967945321355552 +/- 1.4624367154112463
k2 = 34.60828212344805 +/- 3.597013849775543
k3 = 62.31724037164736 +/- 0.32068497761592546
k4 = 4.869991491509712 +/- 1.4722689390202588
k5 = 32.46619600744783 +/- 3.239939643613854
k6 = 64.0621545349057 +/- 0.47765312660306136

Tangential Distortion
p1 = 0.0021569266977450228 /- 0.0005047666149335403
p2 = 0.0014733493995827435 /- 0.0004983620949192954

Thin Prism Distortion:
s1 = -0.0014583706419486126 +/- 0.0005216029965790511
s2 = 0.0005944335560036897 +/- 0.0013895446042395182
s3 = -0.001542599962668096 +/- 0.00045734452231621685
s4 = -0.0013315463766827961 +/- 0.0009377230815885788

