RMS reprojection error = 1.0829469830967189
sharpness = 14.875822257995605

Camera Matrix:
fx = 2701.4960708929825 +/- 5.3899662458681235
fy = 2704.766311365876 +/- 6.131680255865152
cx = 1636.113372705428 +/- 11.390563469357314
cy = 1214.2268251041053 +/- 12.069633782930627

Radial Distortion:
k1 = 13.270935806545056 +/- 46.23989011419866
k2 = 77.64803474557766 +/- 49.35725024218283
k3 = 26.957812074422343 +/- 831.8016263627834
k4 = 13.26344446935978 +/- 46.43760782957034
k5 = 72.42025396068384 +/- 46.87900829744481
k6 = 33.356100470934216 +/- 828.1577484424789

Tangential Distortion
p1 = -0.0006997202328468268 /- 0.003456619819029684
p2 = 0.0014776763214418421 /- 0.0034786631606230703

Thin Prism Distortion:
s1 = -0.002651840431295054 +/- 0.0036129894441675157
s2 = -0.00024141885793700735 +/- 0.00944720185991114
s3 = 3.691309933766595e-05 +/- 0.0031301442361741927
s4 = 0.003268663347834318 +/- 0.006376528465826565

