RMS reprojection error = 0.20681040000596132
sharpness = 8.275988717873892

Camera Matrix:
fx = 2699.538042166328 +/- 0.7381494668892816
fy = 2699.6331061948777 +/- 0.9128553156633344
cx = 1638.616839239135 +/- 1.1111718694404031
cy = 1231.6334127032003 +/- 1.3193770115972348

Radial Distortion:
k1 = 6.192909694268906 +/- 3.2720927828038473
k2 = 35.126216572733846 +/- 3.1303184962730994
k3 = 61.62662286135421 +/- 35.14191291439188
k4 = 6.096188687855112 +/- 3.2867077754720486
k5 = 32.7270057675454 +/- 2.6887251002712618
k6 = 63.87647531554767 +/- 35.69585819719251

Tangential Distortion
p1 = 0.0025512682315189878 /- 0.0003951285009479424
p2 = 0.0017160174480898725 /- 0.0003850419809513194

Thin Prism Distortion:
s1 = -0.0017563776534265494 +/- 0.0005648801065888878
s2 = 0.0002311593878396738 +/- 0.0004488385767148373
s3 = -0.001876906543130333 +/- 0.00046185608111007543
s4 = -0.0012116409213858387 +/- 0.0004322640020432029

