RMS reprojection error = 0.10561776773534631
sharpness = 1.5214877774318059

Camera Matrix:
fx = 2700.004480174329 +/- 0.3639332707804042
fy = 2700.150710120114 +/- 0.4559089944593282
cx = 1639.0308079710599 +/- 0.5873237321103582
cy = 1231.5349893673463 +/- 0.6698727505060267

Radial Distortion:
k1 = 5.27368030439637 +/- 1.4289942683017045
k2 = 36.089698999087894 +/- 1.5386805092050029
k3 = 49.75309615854793 +/- 15.080695016619936
k4 = 5.176448239239337 +/- 1.4355816744273673
k5 = 33.84600893067875 +/- 1.3296114219957655
k6 = 51.93259078247243 +/- 15.328422947785311

Tangential Distortion
p1 = 0.0023600280604337363 /- 0.0002055553058149194
p2 = 0.001927279141580361 /- 0.00020691822823373066

Thin Prism Distortion:
s1 = -0.0021460938745761567 +/- 0.00029974803717509646
s2 = 0.00033281918695457773 +/- 0.00023397972148836934
s3 = -0.0015562654500272577 +/- 0.0002412144015613347
s4 = -0.0014777814947666652 +/- 0.00021996744002228624

