RMS reprojection error = 0.844010592654268
sharpness = 16.30496687889099

Camera Matrix:
fx = 2698.4466556651937 +/- 3.097520537037188
fy = 2699.352616603452 +/- 3.8380761323632986
cx = 1629.4810648683406 +/- 8.21164138132559
cy = 1233.927442747822 +/- 9.28918465943532

Radial Distortion:
k1 = 1.413655909928137 +/- 4.463518987744757
k2 = 13.79727438084683 +/- 12.114237510641425
k3 = 104.20847329681418 +/- 1.1262970747205043
k4 = 1.267534616065056 +/- 4.491765790136392
k5 = 13.152114731873294 +/- 11.073808840722151
k6 = 102.9741493890566 +/- 1.940937374346883

Tangential Distortion
p1 = 0.0031483922263437804 /- 0.0026781843152016965
p2 = -0.00016761931168519147 /- 0.0025399195183681326

Thin Prism Distortion:
s1 = -0.000789603123996978 +/- 0.0027351485002293464
s2 = 0.008384417987645401 +/- 0.007265356833577364
s3 = -0.0014585523302957577 +/- 0.0024235624980113086
s4 = -0.0030784450413466288 +/- 0.00500339366291175

