RMS reprojection error = 0.11436047639805946
sharpness = 1.705090183019638

Camera Matrix:
fx = 2700.5150965621906 +/- 0.4607507048042975
fy = 2700.679186923524 +/- 0.5568701884245685
cx = 1638.5036510875964 +/- 1.1835035175657898
cy = 1230.555598178868 +/- 1.2726577976381515

Radial Distortion:
k1 = 6.509687247330549 +/- 1.1658404758167995
k2 = 33.683576469237515 +/- 2.734413892246712
k3 = 84.51792749538305 +/- 0.2630364573922107
k4 = 6.41496404773974 +/- 1.1734859368545127
k5 = 31.241188665994006 +/- 2.458930764869931
k6 = 86.34013341536597 +/- 0.3696300694024493

Tangential Distortion
p1 = 0.0022874860210788128 /- 0.0003647412699179258
p2 = 0.001703338833029652 /- 0.00036054324982439794

Thin Prism Distortion:
s1 = -0.0018054254073703046 +/- 0.00037653158001534255
s2 = 0.0004349832645481985 +/- 0.0010044980304621442
s3 = -0.001798580403298437 +/- 0.0003301929657231935
s4 = -0.0011459855530953817 +/- 0.000676926753489651

