RMS reprojection error = 0.27945262346212346
sharpness = 13.667696555455526

Camera Matrix:
fx = 2700.255825868128 +/- 0.9905821061721666
fy = 2699.7878622606413 +/- 1.2301948070485953
cx = 1638.5816577102805 +/- 1.552452547756934
cy = 1229.3799163616234 +/- 1.7729267755590898

Radial Distortion:
k1 = 7.202040204342243 +/- 4.825210342015128
k2 = 34.63767550733244 +/- 4.082717119522099
k3 = 72.29641014852648 +/- 51.77787472996286
k4 = 7.108950104527509 +/- 4.845693504216098
k5 = 32.032414397586 +/- 3.566323695428973
k6 = 74.72131830633317 +/- 52.585530503597326

Tangential Distortion
p1 = 0.0016136096131105285 /- 0.0005439537758875496
p2 = 0.001723235893732829 /- 0.0005463846331751644

Thin Prism Distortion:
s1 = -0.0017001235504039661 +/- 0.0007927344039792178
s2 = 0.00036280657342596694 +/- 0.000618017934752486
s3 = -0.0005732540254395662 +/- 0.0006385263835446232
s4 = -0.0013102479119673147 +/- 0.000581591708984722

