RMS reprojection error = 0.2366515124364291
sharpness = 11.152701179186503

Camera Matrix:
fx = 2699.5232509173225 +/- 0.8119098584608534
fy = 2700.2308034759676 +/- 1.0186068962897539
cx = 1638.6961463378145 +/- 1.316832450096166
cy = 1233.1842291017615 +/- 1.5010221496461738

Radial Distortion:
k1 = 5.010545182188472 +/- 3.062763804950307
k2 = 36.476009061364344 +/- 3.485685065255331
k3 = 45.73203217719112 +/- 31.885762151237365
k4 = 4.9130088474763856 +/- 3.0771621111271705
k5 = 34.279058198699715 +/- 3.0105312640435584
k6 = 47.905888424717645 +/- 32.43012965087643

Tangential Distortion
p1 = 0.0025055152567038776 /- 0.00046038291170718675
p2 = 0.0015934991641205476 /- 0.0004638588879372016

Thin Prism Distortion:
s1 = -0.0015362466925327104 +/- 0.0006717306625201087
s2 = 0.00037002632316641433 +/- 0.00052457655296973
s3 = -0.0017723341602615538 +/- 0.0005403370758224045
s4 = -0.0016581875486774652 +/- 0.0004926903954313348

