RMS reprojection error = 0.4296878166924335
sharpness = 16.26947756608327

Camera Matrix:
fx = 2700.767950624063 +/- 1.4495369713812363
fy = 2698.3057412692146 +/- 1.824412076440935
cx = 1638.8361867942224 +/- 2.3933771277563274
cy = 1232.1907029031038 +/- 2.713806832300902

Radial Distortion:
k1 = 3.793162330117747 +/- 4.437937247404896
k2 = 38.811856456030135 +/- 6.5602212088824094
k3 = 28.63009563322228 +/- 44.196631179105644
k4 = 3.6954684377952183 +/- 4.461261354809508
k5 = 36.79141791046871 +/- 5.72144844907399
k6 = 30.754429090658512 +/- 45.046960434068666

Tangential Distortion
p1 = 0.0021354198224745177 /- 0.0008339852342047462
p2 = 0.0019148930311672515 /- 0.0008443113223044535

Thin Prism Distortion:
s1 = -0.002150715803754148 +/- 0.001219917950870256
s2 = 0.0002598171638988148 +/- 0.0009564170836767692
s3 = -0.0011888210099114517 +/- 0.0009798999768669274
s4 = -0.0013834154116066204 +/- 0.0008969568648258174

