RMS reprojection error = 0.6823608860279194
sharpness = 15.519143962860108

Camera Matrix:
fx = 2699.2125982534453 +/- 2.632293944653307
fy = 2699.340505913148 +/- 3.218783747731709
cx = 1637.4293350536414 +/- 7.07386429732082
cy = 1227.4753856542552 +/- 7.655883631350616

Radial Distortion:
k1 = 5.22179338859664 +/- 6.000783639967229
k2 = 17.542851774242216 +/- 12.404044183530141
k3 = 102.9090916089777 +/- 1.4277686925069926
k4 = 5.093714440798451 +/- 6.0351712179759085
k5 = 15.92691537920821 +/- 11.119319452856885
k6 = 103.4967308013963 +/- 2.0338614685219665

Tangential Distortion
p1 = 0.001259034480113234 /- 0.002193314641690907
p2 = 0.0021205908861865316 /- 0.0021492222567825424

Thin Prism Distortion:
s1 = -0.002849925914121254 +/- 0.0022433013464690523
s2 = 0.0012097970796246848 +/- 0.006043154665329617
s3 = -0.0009407958358748648 +/- 0.0019824903988238628
s4 = -8.5221785835253e-05 +/- 0.004051174082113557

