RMS reprojection error = 0.10903655651818166
sharpness = 1.5001756608486176

Camera Matrix:
fx = 2700.332969041796 +/- 0.4335118374957948
fy = 2700.503796065277 +/- 0.5259167484285798
cx = 1638.9968717917882 +/- 1.1315740741118212
cy = 1230.6341799121817 +/- 1.2136466233543945

Radial Distortion:
k1 = 4.52116714607141 +/- 1.0051377199042548
k2 = 35.68405405400449 +/- 2.472929064898282
k3 = 46.52383826365667 +/- 0.21916088098390007
k4 = 4.421506668009929 +/- 1.0118765382625652
k5 = 33.607469454249426 +/- 2.223088513565851
k6 = 48.45961050333133 +/- 0.32104414036091417

Tangential Distortion
p1 = 0.002206845314962239 /- 0.00034782502250830355
p2 = 0.0018803799918776952 /- 0.00034449821742390667

Thin Prism Distortion:
s1 = -0.0018998194502037613 +/- 0.00035926705641283185
s2 = -0.00016911916316630264 +/- 0.0009591504822616831
s3 = -0.0016501393903054695 +/- 0.0003149057050943766
s4 = -0.001286429645460548 +/- 0.0006454531759017356

