RMS reprojection error = 0.8513894073961314
sharpness = 15.75235684712728

Camera Matrix:
fx = 2701.754625492521 +/- 3.0734833411802773
fy = 2702.090690796071 +/- 3.8013471553814
cx = 1639.9213570391375 +/- 4.702531085314965
cy = 1229.0283756365463 +/- 5.390504953381857

Radial Distortion:
k1 = 8.036779870815565 +/- 14.533226834770984
k2 = 39.16084807780392 +/- 13.532419687148263
k3 = 82.18807116269905 +/- 160.9027818065529
k4 = 7.959799926459786 +/- 14.601341819129994
k5 = 36.18412739439794 +/- 11.840102672346257
k6 = 84.91620025015746 +/- 163.3061193035611

Tangential Distortion
p1 = 0.0009426277016779107 /- 0.0016542502329813164
p2 = 0.002280526456256495 /- 0.001660312770055551

Thin Prism Distortion:
s1 = -0.002526351338587684 +/- 0.0024136343133781234
s2 = 0.0001331683472172034 +/- 0.0018721422849009826
s3 = -0.0010751082128936827 +/- 0.0019433909053744823
s4 = 0.00044489098959517645 +/- 0.001767185064359242

