RMS reprojection error = 0.28674474927663807
sharpness = 13.431921482086182

Camera Matrix:
fx = 2699.8547400498296 +/- 1.0352715375016797
fy = 2700.0983632152434 +/- 1.2759730181104878
cx = 1636.4964051157776 +/- 1.530635882175112
cy = 1230.788227390204 +/- 1.8241455279619545

Radial Distortion:
k1 = 6.822606096973865 +/- 4.897957190140259
k2 = 34.75511727213747 +/- 4.172736146841304
k3 = 72.91209248150184 +/- 54.80743354684144
k4 = 6.72991573334845 +/- 4.9194766605148965
k5 = 32.20618417869564 +/- 3.655374008397858
k6 = 75.18804021224626 +/- 55.58214210729263

Tangential Distortion
p1 = 0.0020978806105518928 /- 0.0005474178977798535
p2 = 0.0010268914772997408 /- 0.0005317932390688211

Thin Prism Distortion:
s1 = -0.0009751277706411756 +/- 0.0007822414643823426
s2 = 0.00103872073999486 +/- 0.00061987475682742
s3 = -0.001329217189232085 +/- 0.000640218510243641
s4 = -0.001561998702040763 +/- 0.0005984395729314746

