RMS reprojection error = 0.21334539710001194
sharpness = 8.387655234336853

Camera Matrix:
fx = 2700.6641500295455 +/- 0.8577641065566638
fy = 2700.317725190211 +/- 1.0368611850461282
cx = 1642.2290221651938 +/- 2.233090482688957
cy = 1230.4691870939787 +/- 2.3807952204433858

Radial Distortion:
k1 = 6.3162211661330705 +/- 2.2100970901538304
k2 = 32.35144410746714 +/- 5.09117147737958
k3 = 80.44840878601866 +/- 0.49838088090795896
k4 = 6.215192406470095 +/- 2.22411263602285
k5 = 30.018141917999365 +/- 4.568362229823108
k6 = 82.22123363408545 +/- 0.6888449118772658

Tangential Distortion
p1 = 0.0020953705489663178 /- 0.0006817819691609554
p2 = 0.002580296134595146 /- 0.0006783520475164216

Thin Prism Distortion:
s1 = -0.00241124004827343 +/- 0.0007042446317105666
s2 = -0.0018646282789986908 +/- 0.0018864757876385137
s3 = -0.001685059669822724 +/- 0.0006171788911865918
s4 = -0.0011402964245847717 +/- 0.0012640942947387214

