RMS reprojection error = 0.2368643905016616
sharpness = 11.205127120018005

Camera Matrix:
fx = 2699.773625625824 +/- 0.825755765784331
fy = 2700.4214202139046 +/- 1.0312558664914488
cx = 1637.4580714080341 +/- 1.310477593202357
cy = 1230.5178582440778 +/- 1.497341661346928

Radial Distortion:
k1 = 5.958506921888418 +/- 3.3496963898155707
k2 = 37.24404114273805 +/- 3.475132948708181
k3 = 57.516285629223965 +/- 35.7024159017224
k4 = 5.869566004281378 +/- 3.365527887983722
k5 = 34.78823436877763 +/- 3.022369886168738
k6 = 59.88820101745866 +/- 36.28418909978673

Tangential Distortion
p1 = 0.0022077525930539773 /- 0.0004599832952661839
p2 = 0.0015791443599639861 /- 0.0004624561970756761

Thin Prism Distortion:
s1 = -0.0021700483285199837 +/- 0.0006713527181239565
s2 = 0.0011807259717663244 +/- 0.0005234210443356524
s3 = -0.001565636520234 +/- 0.000540426691049524
s4 = -0.001466637258719741 +/- 0.0004923532174721716

