RMS reprojection error = 0.1360569466949705
sharpness = 2.5585992336273193

Camera Matrix:
fx = 2700.085163507121 +/- 0.5745048934034385
fy = 2700.0709912821594 +/- 0.6802229537767132
cx = 1639.0319394371993 +/- 1.4097014793581846
cy = 1229.815614643438 +/- 1.5212443852884707

Radial Distortion:
k1 = 2.387018531777712 +/- 6.084541097509561
k2 = 34.1342852855488 +/- 7.312379364443292
k3 = 18.931222084278264 +/- 115.80734352434955
k4 = 2.2763036363463782 +/- 6.0961296180375415
k5 = 32.57187355692991 +/- 8.216186035040813
k6 = 20.62256394246547 +/- 115.36797283491651

Tangential Distortion
p1 = 0.001942487849857065 /- 0.00043627521205616513
p2 = 0.0019829210521870723 /- 0.0004293112427443128

Thin Prism Distortion:
s1 = -0.0021127106546275365 +/- 0.0004483194055334587
s2 = 1.616940432055021e-05 +/- 0.0012026383792686627
s3 = -0.0014913845288701687 +/- 0.0003945152942917256
s4 = -0.0007955215225047933 +/- 0.0008062496228709706

