RMS reprojection error = 0.11152749814074168
sharpness = 1.6288232564926148

Camera Matrix:
fx = 2700.4660777979916 +/- 0.446073492044757
fy = 2700.6430658744707 +/- 0.5402544175619703
cx = 1639.05010239989 +/- 1.1587455602836945
cy = 1230.1774898709887 +/- 1.2424477685798065

Radial Distortion:
k1 = 5.257683720283126 +/- 1.0755399643826975
k2 = 35.36240139151935 +/- 2.5977352181317066
k3 = 58.42442996970642 +/- 0.23753132544413105
k4 = 5.1601643476898245 +/- 1.0826838745322644
k5 = 33.138643595659694 +/- 2.334820995408449
k6 = 60.366633460971244 +/- 0.3401051193393131

Tangential Distortion
p1 = 0.0021075039028829634 /- 0.00035606064915324315
p2 = 0.0019144894845771014 /- 0.0003527157470978721

Thin Prism Distortion:
s1 = -0.0018981109398956953 +/- 0.0003676203735472453
s2 = -0.0002662754972136909 +/- 0.0009813581076031177
s3 = -0.0016101491691514797 +/- 0.0003222721655205687
s4 = -0.0009581495984842748 +/- 0.0006602892283107401

