RMS reprojection error = 0.1387677266952614
sharpness = 2.1723365237315497

Camera Matrix:
fx = 2699.712398287374 +/- 0.48766768547475614
fy = 2699.8171803273317 +/- 0.6059448342694866
cx = 1638.994441532527 +/- 0.7450937560097692
cy = 1230.9775138470973 +/- 0.8840113463250535

Radial Distortion:
k1 = 5.272591219090307 +/- 1.9434801534450272
k2 = 35.470868523264066 +/- 2.0681685048847105
k3 = 50.88452502516103 +/- 20.64566807930325
k4 = 5.173633748552011 +/- 1.952500571899911
k5 = 33.25245146960954 +/- 1.7778806862655547
k6 = 53.02304935019655 +/- 20.983348678444912

Tangential Distortion
p1 = 0.0025358179447448406 /- 0.00026487501311406016
p2 = 0.001913963942312995 /- 0.0002583939555823118

Thin Prism Distortion:
s1 = -0.0020959680690966916 +/- 0.0003789959474125885
s2 = 0.00020000930112924414 +/- 0.00030161991232014016
s3 = -0.002001184217284419 +/- 0.00030973587837225454
s4 = -0.0014178221710414091 +/- 0.0002903122976621879

