RMS reprojection error = 0.11890678006815639
sharpness = 1.7992630898952484

Camera Matrix:
fx = 2700.4920122668777 +/- 0.5025774882499127
fy = 2700.6799499001527 +/- 0.5950381717785038
cx = 1639.4400926147478 +/- 1.2330710034337116
cy = 1231.5208862510003 +/- 1.3285770696581793

Radial Distortion:
k1 = 2.279308538309522 +/- 4.56701639224433
k2 = 38.21647132016989 +/- 5.237020232375754
k3 = 4.7201241085767105 +/- 86.63174990802273
k4 = 2.176040796487684 +/- 4.577153622460469
k5 = 36.53204465334178 +/- 5.851054068294769
k6 = 6.791916359983844 +/- 86.29651275420395

Tangential Distortion
p1 = 0.002509769832484356 /- 0.00038085292813181673
p2 = 0.0019679139872879 /- 0.0003753919067187328

Thin Prism Distortion:
s1 = -0.0019369324155245962 +/- 0.00039192213069114433
s2 = -0.0003284829230643301 +/- 0.001049487841672497
s3 = -0.0020567113613794916 +/- 0.00034452357506879283
s4 = -0.0012081003680757645 +/- 0.0007037837330501665

