RMS reprojection error = 0.24294982405178492
sharpness = 11.686583956082663

Camera Matrix:
fx = 2700.7373563900446 +/- 0.8680616701444623
fy = 2700.276956333755 +/- 1.075898789636356
cx = 1637.9997942258262 +/- 1.3494193064824613
cy = 1231.0294006483748 +/- 1.5414149490543718

Radial Distortion:
k1 = 7.6082110101509635 +/- 4.217303972575903
k2 = 36.487427214071715 +/- 3.751876911305948
k3 = 75.76724286424503 +/- 45.44860078299046
k4 = 7.520190493460557 +/- 4.235830137863441
k5 = 33.72691771680836 +/- 3.2558612046490625
k6 = 78.32188964960447 +/- 46.154287036895795

Tangential Distortion
p1 = 0.002591960137096044 /- 0.00047281764528018486
p2 = 0.0015276633158455596 /- 0.00047518720913251574

Thin Prism Distortion:
s1 = -0.0018399484578434004 +/- 0.0006892808907094334
s2 = 0.0005763867414865553 +/- 0.0005368636453722649
s3 = -0.0019060187624824238 +/- 0.0005549813790651839
s4 = -0.001580405670133941 +/- 0.0005055378801544037

