RMS reprojection error = 0.323139466351943
sharpness = 11.70276918411255

Camera Matrix:
fx = 2700.545358733218 +/- 1.2839277397712587
fy = 2700.461420961284 +/- 1.5475248936105854
cx = 1639.7692533224426 +/- 3.3378167569887944
cy = 1229.8947980825524 +/- 3.6165147211106357

Radial Distortion:
k1 = -0.946743706245708 +/- 7.4457390278312205
k2 = 39.59191739602246 +/- 8.938085884003351
k3 = -47.227982590126416 +/- 130.58662986576758
k4 = -1.0569356713703186 +/- 7.46472133348246
k5 = 38.540141337858856 +/- 9.678346231730284
k6 = -45.17318029259525 +/- 130.32664610553445

Tangential Distortion
p1 = 0.002393437356402136 /- 0.0010369293275025568
p2 = 0.0027728750839433646 /- 0.0010159835235127727

Thin Prism Distortion:
s1 = -0.0032852684221554135 +/- 0.0010630065255600762
s2 = -0.00064511219621059 +/- 0.0028514027133680936
s3 = -0.0017687382581689844 +/- 0.0009386465970578898
s4 = -0.0013328940665039968 +/- 0.0019105628493659363

