RMS reprojection error = 0.14729901358732098
sharpness = 3.3484439849853516

Camera Matrix:
fx = 2700.1313710992586 +/- 0.5779814286092136
fy = 2700.190304782237 +/- 0.7036635088936454
cx = 1638.5772740077796 +/- 1.5188501643229468
cy = 1230.5660141875012 +/- 1.6347738386087747

Radial Distortion:
k1 = 3.5391120845232145 +/- 1.235776951516972
k2 = 34.30310989732354 +/- 3.1496942879055325
k3 = 41.41714818897991 +/- 0.26421302616372977
k4 = 3.4337456951891476 +/- 1.2441522339841828
k5 = 32.48562657910329 +/- 2.8374034103382724
k6 = 43.04612226557544 +/- 0.41155002070493096

Tangential Distortion
p1 = 0.0020936190897904625 /- 0.00046898784689866326
p2 = 0.0017629808106688135 /- 0.0004632009461991715

Thin Prism Distortion:
s1 = -0.0019402201722371446 +/- 0.00048460014979723306
s2 = 0.0002718808181866054 +/- 0.001293157666454686
s3 = -0.0015939725453481318 +/- 0.0004249051923118474
s4 = -0.0011581600182265575 +/- 0.0008719425081548241

