RMS reprojection error = 0.2736266197933272
sharpness = 13.38810486793518

Camera Matrix:
fx = 2699.801746489672 +/- 1.0951422140137177
fy = 2699.894560810407 +/- 1.326217253505483
cx = 1636.2497874726478 +/- 2.8141389580880425
cy = 1232.6432087864941 +/- 3.035797548919971

Radial Distortion:
k1 = 6.622449996404937 +/- 2.7600753546802737
k2 = 30.213666471071555 +/- 6.422452627579862
k3 = 95.5092140524517 +/- 0.6250380552349519
k4 = 6.5198172354827895 +/- 2.777666089556957
k5 = 27.873205177031608 +/- 5.773377413405192
k6 = 97.06314233935694 +/- 0.8901404086535786

Tangential Distortion
p1 = 0.0024771113116827097 /- 0.0008701564746973728
p2 = 0.000871121513030868 /- 0.000858657655600203

Thin Prism Distortion:
s1 = -0.0015067996537391634 +/- 0.0008994969108842398
s2 = 0.002270951382659107 +/- 0.002401942106457733
s3 = -0.0016245774021529321 +/- 0.0007878399025995645
s4 = -0.0024279473191517642 +/- 0.0016213538642470932

