RMS reprojection error = 0.2046370281754538
sharpness = 7.71543254852295

Camera Matrix:
fx = 2699.9688016457317 +/- 0.8598298342489723
fy = 2700.2999241067023 +/- 1.0197794373488824
cx = 1637.8297786973822 +/- 2.1264148705281958
cy = 1228.8845276286002 +/- 2.277919124154254

Radial Distortion:
k1 = 2.2168174250380726 +/- 6.095093475895349
k2 = 40.895358798889 +/- 6.404534327195985
k3 = -24.489110792223386 +/- 94.31998541880483
k4 = 2.117260083665531 +/- 6.112066628567085
k5 = 39.111652494872764 +/- 6.967567787675183
k6 = -21.584475922216093 +/- 94.44900840362544

Tangential Distortion
p1 = 0.001672507174044015 /- 0.0006533459737495975
p2 = 0.0013277140697794424 /- 0.0006467591493778303

Thin Prism Distortion:
s1 = -0.0012427337387499776 +/- 0.0006742456137273958
s2 = 0.00036054825299477506 +/- 0.0018154486037677724
s3 = -0.0012360046349605357 +/- 0.000592025829735657
s4 = -5.321572378453397e-05 +/- 0.0012112751066630162

