RMS reprojection error = 0.3547375974121214
sharpness = 16.96598692735036

Camera Matrix:
fx = 2700.7523952127785 +/- 1.3886269295966711
fy = 2701.610881773081 +/- 1.679428661754479
cx = 1640.7616245954123 +/- 1.9587855302430948
cy = 1231.8243316807352 +/- 2.249577540348709

Radial Distortion:
k1 = 13.994422420089366 +/- 9.868407984343122
k2 = 37.99241601206666 +/- 6.4371784303973705
k3 = 151.72270334751778 +/- 112.93352906687757
k4 = 13.931661350959033 +/- 9.909888621213046
k5 = 33.78951423207033 +/- 5.902628749441108
k6 = 155.154804784545 +/- 114.40379868679177

Tangential Distortion
p1 = 0.002514603019623136 /- 0.0006910379055320762
p2 = 0.002376846480176471 /- 0.0006918896368132437

Thin Prism Distortion:
s1 = -0.0027123030566200772 +/- 0.001005789920153171
s2 = 0.0004466111477896432 +/- 0.0007782452887345931
s3 = -0.002146470366678149 +/- 0.0008102273432766878
s4 = -0.0013197794312640651 +/- 0.0007360019934890034

