RMS reprojection error = 0.17484164596984453
sharpness = 6.899074037869771

Camera Matrix:
fx = 2700.5171785578436 +/- 0.5943435313820387
fy = 2700.2792231604335 +/- 0.7472883918970223
cx = 1639.023917120856 +/- 0.9747654081778679
cy = 1231.8350395944412 +/- 1.1089837363384587

Radial Distortion:
k1 = 4.2629270633016505 +/- 1.9558718595592535
k2 = 38.55159572710434 +/- 2.61459447584881
k3 = 35.82601849609337 +/- 20.081246048935284
k4 = 4.168861593407212 +/- 1.9658637566035821
k5 = 36.431410435131006 +/- 2.2760807746382095
k6 = 37.986592242088896 +/- 20.438562373800956

Tangential Distortion
p1 = 0.0023734698453382326 /- 0.0003402159800234974
p2 = 0.0018341088993158324 /- 0.000343328458653504

Thin Prism Distortion:
s1 = -0.0019617583738720523 +/- 0.0004964473722351727
s2 = 0.00019460175627649296 +/- 0.00038840983840624394
s3 = -0.001720733491542362 +/- 0.0003992321905948098
s4 = -0.0015446997078827993 +/- 0.0003645218273642327

