RMS reprojection error = 0.2516585199796577
sharpness = 11.689938163757324

Camera Matrix:
fx = 2700.898231059678 +/- 1.0554751986061763
fy = 2701.353841099228 +/- 1.2622483204024821
cx = 1638.414445971719 +/- 2.58796201399909
cy = 1231.178601260846 +/- 2.775744398355397

Radial Distortion:
k1 = 10.336969136004257 +/- 3.156587965487381
k2 = 37.74053083293592 +/- 6.925602751386902
k3 = 116.8913872731987 +/- 0.7436972893061152
k4 = 10.268839930998169 +/- 3.177830645409914
k5 = 34.29109888289848 +/- 6.214185802503277
k6 = 119.81109112898753 +/- 0.963501661932445

Tangential Distortion
p1 = 0.0021625070845922305 /- 0.0007959121209509677
p2 = 0.001896713917386705 /- 0.0007891751888752397

Thin Prism Distortion:
s1 = -0.0023984351837208957 +/- 0.0008266705699978992
s2 = 0.0008395179370787279 +/- 0.002205802153113626
s3 = -0.0014933480377687725 +/- 0.0007233022273053315
s4 = -0.0018139533709011176 +/- 0.001485072424718539

