RMS reprojection error = 0.10639916052319448
sharpness = 1.5625324497620265

Camera Matrix:
fx = 2700.100135665293 +/- 0.36553724073111943
fy = 2699.999917033208 +/- 0.4582471238675995
cx = 1639.0647386204419 +/- 0.5916850036289562
cy = 1231.5094033961366 +/- 0.6747565572451963

Radial Distortion:
k1 = 5.075186304909592 +/- 1.4015683785443767
k2 = 36.1370524581613 +/- 1.5388880747315774
k3 = 47.66679233298852 +/- 14.776918204441753
k4 = 4.97775691565636 +/- 1.4080857950391896
k5 = 33.932809320728566 +/- 1.3312661774124739
k6 = 49.820382359735376 +/- 15.020910757658667

Tangential Distortion
p1 = 0.00236087893209359 /- 0.00020704228115452805
p2 = 0.001925837912518566 /- 0.00020843643519947988

Thin Prism Distortion:
s1 = -0.0021018488766411077 +/- 0.00030194138434642596
s2 = 0.00032170670297616453 +/- 0.00023568093090955332
s3 = -0.0015800036740595482 +/- 0.0002429860487155749
s4 = -0.0014324562764675166 +/- 0.00022158115562084595

