RMS reprojection error = 0.46805301461352755
sharpness = 16.8244637966156

Camera Matrix:
fx = 2698.892195833054 +/- 1.8708583569670036
fy = 2699.7148233299413 +/- 2.2669738306851452
cx = 1640.9796625237116 +/- 4.7839081011825355
cy = 1228.7273365586752 +/- 5.136197787394367

Radial Distortion:
k1 = 6.6994016865934665 +/- 4.720099653042601
k2 = 28.02217956082774 +/- 10.398137718117805
k3 = 96.69397761952179 +/- 1.0985632845059314
k4 = 6.595365093949699 +/- 4.74994283431117
k5 = 25.695218260360708 +/- 9.315322653341774
k6 = 98.34173867991143 +/- 1.5481503805788785

Tangential Distortion
p1 = 0.002616485555745572 /- 0.0014787534734199987
p2 = 0.002951345450977097 /- 0.0014631757629804212

Thin Prism Distortion:
s1 = -0.003452615883215323 +/- 0.0015332223961480218
s2 = -0.0006355848909268964 +/- 0.004127745182723173
s3 = -0.002377023819565932 +/- 0.0013444335207572836
s4 = -0.0013999285795536158 +/- 0.002767986465621581

