RMS reprojection error = 0.249850958008399
sharpness = 11.234987417856852

Camera Matrix:
fx = 2699.76977135661 +/- 0.8456286052668239
fy = 2699.133562888754 +/- 1.0619833078336522
cx = 1638.6466124562621 +/- 1.3483911368901333
cy = 1229.7917766576873 +/- 1.5933510031940366

Radial Distortion:
k1 = 3.3073336852306174 +/- 2.6938342306104
k2 = 34.1508949397444 +/- 3.467815959053863
k3 = 28.588184056028638 +/- 27.512436341472487
k4 = 3.19847029137072 +/- 2.7069088106306425
k5 = 32.41126866990058 +/- 3.002142969949333
k6 = 30.38525921561767 +/- 28.006511730260907

Tangential Distortion
p1 = 0.002258744613906506 /- 0.00047711638046304955
p2 = 0.0015847347657538375 /- 0.00046679394978228994

Thin Prism Distortion:
s1 = -0.0016858878588764026 +/- 0.0006828752503536422
s2 = 0.0005281897270297215 +/- 0.0005464310227289374
s3 = -0.0015921120847719444 +/- 0.0005576917114585897
s4 = -0.0009784306000987506 +/- 0.0005243898204325961

