RMS reprojection error = 0.2478984378172622
sharpness = 12.331222097078959

Camera Matrix:
fx = 2701.026089305412 +/- 0.8955254456681416
fy = 2700.7236271872125 +/- 1.106454872149116
cx = 1636.7788052876324 +/- 1.3738095922933466
cy = 1230.684927699417 +/- 1.5720749132280365

Radial Distortion:
k1 = 8.275984749872816 +/- 4.485975947328595
k2 = 37.32513627442415 +/- 3.8791630342907286
k3 = 84.19015857308638 +/- 49.09253990633554
k4 = 8.194128313725704 +/- 4.505973594487771
k5 = 34.37784257770272 +/- 3.395532239011386
k6 = 86.87383038824258 +/- 49.829548616169724

Tangential Distortion
p1 = 0.0019072421800269024 /- 0.00048248219820002243
p2 = 0.0011139938477058458 /- 0.0004842228801986923

Thin Prism Distortion:
s1 = -0.0010354104346854342 +/- 0.0007030735515410363
s2 = 0.0008444637862579232 +/- 0.0005465882597106948
s3 = -0.0012228273269455445 +/- 0.0005663505788879775
s4 = -0.0010851834248066037 +/- 0.0005152206181413203

