RMS reprojection error = 0.21815196373596418
sharpness = 8.818913042545319

Camera Matrix:
fx = 2699.3961473379836 +/- 0.7604251333735457
fy = 2700.049705553388 +/- 0.947096210837619
cx = 1638.963607225892 +/- 1.170999861795634
cy = 1232.39394373076 +/- 1.3899583490343617

Radial Distortion:
k1 = 4.797163767523652 +/- 2.8670285450117117
k2 = 35.672149304661794 +/- 3.2497597387169193
k3 = 45.51000806320112 +/- 30.35358707577244
k4 = 4.696434117041916 +/- 2.8805778118938057
k5 = 33.552133716026724 +/- 2.796102945224135
k6 = 47.57921865262571 +/- 30.85714044787794

Tangential Distortion
p1 = 0.0023406989450135566 /- 0.0004163334744183324
p2 = 0.0018210289354502953 /- 0.00040631201744906073

Thin Prism Distortion:
s1 = -0.0019252438550448347 +/- 0.0005959272246341882
s2 = 0.00048541330850034676 +/- 0.0004737949180496915
s3 = -0.0014618272962412912 +/- 0.0004868509317513133
s4 = -0.0014296074701403158 +/- 0.00045609854110729997

