RMS reprojection error = 0.29701584783027135
sharpness = 13.543072819709778

Camera Matrix:
fx = 2699.7734768047535 +/- 1.0336452790631405
fy = 2698.7328535518504 +/- 1.2899133876460076
cx = 1638.9521912295718 +/- 1.6491631764239687
cy = 1231.6523820332568 +/- 1.8762957842498607

Radial Distortion:
k1 = 5.897707150812576 +/- 4.158374373533218
k2 = 37.23477930630217 +/- 4.5282283366168485
k3 = 53.33394334211847 +/- 42.691001609011494
k4 = 5.805831980934576 +/- 4.177998799857375
k5 = 34.81366435957567 +/- 3.903144746286018
k6 = 55.746367157300234 +/- 43.45254247007324

Tangential Distortion
p1 = 0.002305933869914343 /- 0.0005761580732689778
p2 = 0.0015237256274216772 /- 0.0005810232298915582

Thin Prism Distortion:
s1 = -0.001377647713759149 +/- 0.0008421141315908151
s2 = 0.00025124409640262684 +/- 0.0006585971519330684
s3 = -0.001713673664917283 +/- 0.0006774146836076521
s4 = -0.0012513185213530397 +/- 0.0006182417996298601

