RMS reprojection error = 0.1313304518963349
sharpness = 2.1271591663360594

Camera Matrix:
fx = 2700.5783699623694 +/- 0.5732076659007033
fy = 2700.8391223209287 +/- 0.6727809645049557
cx = 1639.199245850744 +/- 1.3620030899038575
cy = 1230.116245154191 +/- 1.4648830916560092

Radial Distortion:
k1 = 4.332109441084492 +/- 6.024601644012324
k2 = 36.79155602005887 +/- 6.874119888142838
k3 = 34.14711668846306 +/- 112.0159682910975
k4 = 4.233689437822538 +/- 6.037907604819246
k5 = 34.70560214741929 +/- 7.732275511647578
k6 = 36.36987613306987 +/- 111.652501926519

Tangential Distortion
p1 = 0.0020296770045415595 /- 0.00042010402017223723
p2 = 0.001974535483041715 /- 0.0004147544325921445

Thin Prism Distortion:
s1 = -0.0021570576362174862 +/- 0.0004328555349558961
s2 = 9.713824249794871e-05 +/- 0.001160675246525237
s3 = -0.0014694241049843764 +/- 0.00038020684469271097
s4 = -0.0011858041325306162 +/- 0.0007776591018899305

