RMS reprojection error = 0.1326179336831299
sharpness = 2.537563314040502

Camera Matrix:
fx = 2700.4442730629376 +/- 0.4713105057143588
fy = 2700.6446679166665 +/- 0.5852030964942344
cx = 1639.0874665154572 +/- 0.7375983735269829
cy = 1231.6499037786812 +/- 0.841638217237602

Radial Distortion:
k1 = 7.198129014806807 +/- 2.165578565278367
k2 = 37.543955406399334 +/- 2.0971090261442185
k3 = 69.52227231241406 +/- 23.090107379268638
k4 = 7.110294465735793 +/- 2.175395337780567
k5 = 34.83551882127884 +/- 1.8073629594605933
k6 = 72.05773212187653 +/- 23.457362459809517

Tangential Distortion
p1 = 0.0024771210970541443 /- 0.0002582383026695089
p2 = 0.001955654808711909 /- 0.0002598040330141713

Thin Prism Distortion:
s1 = -0.0021708708884547474 +/- 0.00037641137645088506
s2 = 0.0003538406757817829 +/- 0.0002936183262121389
s3 = -0.00172497783732801 +/- 0.00030292894370054105
s4 = -0.0014877902535776505 +/- 0.0002761705100759112

