RMS reprojection error = 0.3066598680106815
sharpness = 14.010070204734802

Camera Matrix:
fx = 2699.5536574863277 +/- 1.053677500168202
fy = 2700.114340400094 +/- 1.3213885251887376
cx = 1640.7612167171783 +/- 1.7052761964134844
cy = 1230.9368439618943 +/- 1.9500266601343925

Radial Distortion:
k1 = 5.1145797272778655 +/- 4.249505281387322
k2 = 35.03531746497779 +/- 4.387832662528423
k3 = 50.65816020723031 +/- 46.03965933689507
k4 = 5.01246876156577 +/- 4.268312530494179
k5 = 32.875114815056705 +/- 3.7879023488222487
k6 = 52.69458540116711 +/- 46.740913807272285

Tangential Distortion
p1 = 0.0022152005364275127 /- 0.0005978484027537185
p2 = 0.0022786663784776628 /- 0.0006009545378964005

Thin Prism Distortion:
s1 = -0.002347725613459008 +/- 0.0008706834849585787
s2 = -0.00015513421569709636 +/- 0.0006764476168067833
s3 = -0.001799958045199321 +/- 0.000700753143411233
s4 = -0.0008490719784555054 +/- 0.0006375411430326925

