RMS reprojection error = 0.22813731663459097
sharpness = 10.001779476801554

Camera Matrix:
fx = 2701.0046765445904 +/- 0.8027650336229222
fy = 2700.588393873772 +/- 0.9992753615858297
cx = 1639.5865373627314 +/- 1.2728675937760818
cy = 1230.5062770154118 +/- 1.4493941740378982

Radial Distortion:
k1 = 6.515242183756839 +/- 3.416588109862863
k2 = 37.82789102647896 +/- 3.5451223278853305
k3 = 60.85855764989998 +/- 35.83644579856967
k4 = 6.427497378730098 +/- 3.4325607890818692
k5 = 35.25398836445483 +/- 3.0615402780419485
k6 = 63.33698818259116 +/- 36.432125841343556

Tangential Distortion
p1 = 0.0021427914240584756 /- 0.00044435041425450975
p2 = 0.0022544763135008837 /- 0.0004475097203632425

Thin Prism Distortion:
s1 = -0.002417395348780727 +/- 0.000647671332715808
s2 = -0.0003174329862219942 +/- 0.0005065978689781216
s3 = -0.0015172291703885227 +/- 0.0005212606358916523
s4 = -0.0009790062931800934 +/- 0.00047571921905987093

