RMS reprojection error = 0.7973880561814753
sharpness = 15.24581547578176

Camera Matrix:
fx = 2702.8488331588565 +/- 2.860112359247535
fy = 2701.3246236696486 +/- 3.5390249283026307
cx = 1644.0778273199744 +/- 4.443128569412717
cy = 1230.5003074451129 +/- 5.045288694204644

Radial Distortion:
k1 = 7.15921235885381 +/- 10.493593256520615
k2 = 47.21117368064098 +/- 13.75589416680454
k3 = 60.291751387052116 +/- 107.82530734389817
k4 = 7.106711607325975 +/- 10.554647769638823
k5 = 44.10895596137701 +/- 12.071634256729977
k6 = 63.43492941121518 +/- 109.79448692945157

Tangential Distortion
p1 = 0.0017228477057749142 /- 0.001546237661952234
p2 = 0.003881562997665508 /- 0.0015611461425630944

Thin Prism Distortion:
s1 = -0.004717957199506006 +/- 0.002259065663690769
s2 = -0.0005169450998390467 +/- 0.0017727742711040905
s3 = -0.001196731795758957 +/- 0.001817406457636218
s4 = -0.0008834128614780579 +/- 0.001660231530237939

