RMS reprojection error = 0.3567725905168254
sharpness = 16.568626880645752

Camera Matrix:
fx = 2700.6324242328733 +/- 1.2101603529619267
fy = 2699.8296581328827 +/- 1.522151522864449
cx = 1640.78393766555 +/- 1.9883923698630501
cy = 1230.574553256231 +/- 2.2637368685853376

Radial Distortion:
k1 = 4.320966747577894 +/- 4.369324773929978
k2 = 35.05853871988921 +/- 5.034272055764122
k3 = 39.48185810354252 +/- 45.5435302040473
k4 = 4.216828738422071 +/- 4.389487348765029
k5 = 33.06668983873158 +/- 4.34805308448865
k6 = 41.46547374928176 +/- 46.31473324027229

Tangential Distortion
p1 = 0.002382054746356361 /- 0.0006944696615275145
p2 = 0.0024858281816411074 /- 0.000699939720286513

Thin Prism Distortion:
s1 = -0.0029362371524376345 +/- 0.0010129260928244902
s2 = -0.00047270185830127696 +/- 0.0007921587736205622
s3 = -0.002016587805510111 +/- 0.0008149756584943836
s4 = -0.0007596048632879386 +/- 0.0007442443604993513

