RMS reprojection error = 0.12980863553680075
sharpness = 2.1749068399270377

Camera Matrix:
fx = 2699.756087827581 +/- 0.4479291285954788
fy = 2699.7205114557364 +/- 0.5607755272681939
cx = 1639.022369341706 +/- 0.7216973681242262
cy = 1231.7254226417813 +/- 0.8227259591382483

Radial Distortion:
k1 = 5.398566603375613 +/- 1.7901010702687705
k2 = 35.86253525412877 +/- 1.9018505318977155
k3 = 50.68778242883213 +/- 18.792337748642826
k4 = 5.300610204529645 +/- 1.7982731317810294
k5 = 33.60351270814955 +/- 1.6400948846481385
k6 = 52.885207724636786 +/- 19.104722930061808

Tangential Distortion
p1 = 0.00230470315484446 /- 0.0002525355726701924
p2 = 0.0018768865570500948 /- 0.00025428859258893574

Thin Prism Distortion:
s1 = -0.0020784333870935323 +/- 0.0003683658682120857
s2 = 0.0003414662089373419 +/- 0.00028765490372257543
s3 = -0.0014784727783946877 +/- 0.00029640795799846246
s4 = -0.0013916560807068486 +/- 0.00027035157003586394

