RMS reprojection error = 0.12708052287748636
sharpness = 1.9868233144283294

Camera Matrix:
fx = 2700.6431463219783 +/- 0.5168026572325322
fy = 2701.0615127533515 +/- 0.6231128358430627
cx = 1638.8378987964136 +/- 1.3150410893463598
cy = 1231.2974132507895 +/- 1.4111394294901893

Radial Distortion:
k1 = 7.0542616086179 +/- 1.349005572657179
k2 = 36.0047499939428 +/- 3.1739307654438633
k3 = 85.49530122399545 +/- 0.3054533168721738
k4 = 6.966068797743947 +/- 1.3579808129834527
k5 = 33.36325323190726 +/- 2.8544860723056535
k6 = 87.57447341893092 +/- 0.4218836912106536

Tangential Distortion
p1 = 0.0025694320951543687 /- 0.00040447786228665184
p2 = 0.002003216029214551 /- 0.0004006552230312872

Thin Prism Distortion:
s1 = -0.0021496173620659848 +/- 0.00041835006969239146
s2 = -0.0002124481261882967 +/- 0.0011158439246809159
s3 = -0.0020322117313868776 +/- 0.00036650112320565085
s4 = -0.0014920674747824624 +/- 0.0007513813354901581

