RMS reprojection error = 0.11820152279120612
sharpness = 1.9218454539775849

Camera Matrix:
fx = 2700.3129308365396 +/- 0.4794148610460406
fy = 2700.7390037521054 +/- 0.5784956215411186
cx = 1639.6136316565337 +/- 1.226457394849955
cy = 1230.296811036992 +/- 1.3132647347973376

Radial Distortion:
k1 = 7.147257522797534 +/- 1.267070862107445
k2 = 33.804835925729265 +/- 2.8946581140207743
k3 = 87.70073554128867 +/- 0.28897843863932193
k4 = 7.054598196272039 +/- 1.2752984169350328
k5 = 31.217053975031888 +/- 2.5979074543248064
k6 = 89.74507148005631 +/- 0.39550570297429116

Tangential Distortion
p1 = 0.002148615087637225 /- 0.0003764406572081281
p2 = 0.0019347304766756228 /- 0.0003733535046729389

Thin Prism Distortion:
s1 = -0.0017295040201308616 +/- 0.00038925401996762365
s2 = -0.0005706970722656611 +/- 0.0010412899734976262
s3 = -0.0016530710428271365 +/- 0.0003411131139395973
s4 = -0.0007008720296670717 +/- 0.000699448147985388

