RMS reprojection error = 0.32790293521323594
sharpness = 16.047935962677002

Camera Matrix:
fx = 2699.350031072964 +/- 1.0944574144558774
fy = 2699.3239806183483 +/- 1.3833079993087518
cx = 1639.2328373793257 +/- 1.8346536050863718
cy = 1230.242544785303 +/- 2.076813591965045

Radial Distortion:
k1 = 3.392785987536146 +/- 3.3082775414603347
k2 = 36.23310294968003 +/- 4.705865881841763
k3 = 24.788056017641328 +/- 32.07173235566757
k4 = 3.288971006577848 +/- 3.3250406292381625
k5 = 34.39853668377471 +/- 4.095797403980446
k6 = 26.76161471190294 +/- 32.716421688509485

Tangential Distortion
p1 = 0.0024049145319977273 /- 0.0006373474492399097
p2 = 0.0016566856098511134 /- 0.0006451056025186867

Thin Prism Distortion:
s1 = -0.0017804189307014308 +/- 0.0009310400627604547
s2 = -7.081692746344405e-05 +/- 0.0007347496393060155
s3 = -0.0017153247248908666 +/- 0.0007483227329058037
s4 = -0.0007772052366900793 +/- 0.0006859901471843901

