RMS reprojection error = 0.6143870567627389
sharpness = 15.193625768025717

Camera Matrix:
fx = 2700.989513345767 +/- 1.941206722217402
fy = 2699.4116884509554 +/- 2.491762051106395
cx = 1638.25837475751 +/- 3.4058997805943503
cy = 1229.5243306323187 +/- 3.8796348323640104

Radial Distortion:
k1 = 0.25485568669694225 +/- 3.7407740755002736
k2 = 32.378599512872725 +/- 6.228137634060727
k3 = 1.353202443680021 +/- 38.85937691748863
k4 = 0.14017745960972058 +/- 3.7613213957096274
k5 = 31.30606385362729 +/- 5.56322244570211
k6 = 2.606798932410384 +/- 39.55044258924048

Tangential Distortion
p1 = 0.0017433314883517432 /- 0.001193283055406246
p2 = 0.001422263899825235 /- 0.0012004101487322158

Thin Prism Distortion:
s1 = -0.0013077704365461026 +/- 0.0017397028566469139
s2 = 0.00039803334376304966 +/- 0.0013677980316684436
s3 = -0.0013175882374139923 +/- 0.0014027607466952654
s4 = -0.00017215872723961656 +/- 0.0012834139193158556

