RMS reprojection error = 0.11229064671320826
sharpness = 1.6763369262218475

Camera Matrix:
fx = 2700.518561229313 +/- 0.45196030253888686
fy = 2700.7445275080554 +/- 0.5464102993949175
cx = 1639.1734470196388 +/- 1.1647619816497001
cy = 1230.5507456073178 +/- 1.2507654312937408

Radial Distortion:
k1 = 6.439000008410131 +/- 1.1441604331766713
k2 = 33.23516761780732 +/- 2.661205040562895
k3 = 83.37332920273596 +/- 0.25835434503566623
k4 = 6.343247299679018 +/- 1.1516200694391026
k5 = 30.82341143048348 +/- 2.3917802600193454
k6 = 85.1873623590138 +/- 0.36233079335930274

Tangential Distortion
p1 = 0.0021252168883271823 /- 0.0003583827153140382
p2 = 0.0018892906414887558 /- 0.0003545709324837781

Thin Prism Distortion:
s1 = -0.0019470085011417022 +/- 0.000369885188915992
s2 = -4.974499363512243e-05 +/- 0.0009876049331402435
s3 = -0.00165506835332751 +/- 0.0003244395709252663
s4 = -0.0011894811137415117 +/- 0.0006646612520609363

