RMS reprojection error = 0.17294831552205986
sharpness = 5.766821026802063

Camera Matrix:
fx = 2699.83572310515 +/- 0.6892947088765529
fy = 2700.135097860799 +/- 0.8357035661522972
cx = 1640.4844992503445 +/- 1.8011916748585237
cy = 1230.3118709176995 +/- 1.9307311294213365

Radial Distortion:
k1 = 6.2567348097190285 +/- 1.749344435508312
k2 = 28.170974430307503 +/- 3.827011868146308
k3 = 86.74914607236099 +/- 0.4008458121981821
k4 = 6.150299404061197 +/- 1.7601661155342323
k5 = 25.969472097816833 +/- 3.4265454012422154
k6 = 88.34688214562767 +/- 0.5574519389879418

Tangential Distortion
p1 = 0.0022249861020736737 /- 0.0005529438643386438
p2 = 0.0024487953990904522 /- 0.0005473803227249623

Thin Prism Distortion:
s1 = -0.0023704774545949716 +/- 0.000569614175121968
s2 = -0.0003213066817743744 +/- 0.0015296996364011423
s3 = -0.0018944466100626462 +/- 0.0005004875472662014
s4 = -0.0009944815217361642 +/- 0.0010247284850959932

