RMS reprojection error = 0.20449807900583372
sharpness = 8.284693431854247

Camera Matrix:
fx = 2699.279560367967 +/- 0.8786666680805809
fy = 2699.3573330948047 +/- 1.0352061566332147
cx = 1639.108239566199 +/- 2.1105482523717805
cy = 1231.0071151747059 +/- 2.2753385866054177

Radial Distortion:
k1 = 3.3399118853719183 +/- 9.040527699861933
k2 = 36.19904046348563 +/- 10.957795753124808
k3 = 27.07664138335576 +/- 173.10246529301958
k4 = 3.2387044968793663 +/- 9.059671736196815
k5 = 34.34301701905556 +/- 12.266471832048346
k6 = 29.053603352191363 +/- 172.43850812577358

Tangential Distortion
p1 = 0.0021829083833185604 /- 0.0006528648467563963
p2 = 0.0018587355297545005 /- 0.0006431049957789117

Thin Prism Distortion:
s1 = -0.0016120938035706545 +/- 0.0006728008662196999
s2 = -0.00046057269345082104 +/- 0.0018011500691688896
s3 = -0.0016414397610436864 +/- 0.0005914783423972575
s4 = -0.0010633481600985386 +/- 0.0012081574434753212

