RMS reprojection error = 0.2844316412209556
sharpness = 13.573311185836792

Camera Matrix:
fx = 2699.5164050217863 +/- 1.07178843397408
fy = 2699.823879768733 +/- 1.3147999256244154
cx = 1638.4533262616953 +/- 2.965610313949699
cy = 1235.7117409803386 +/- 3.226060306744046

Radial Distortion:
k1 = -3.024605196603429 +/- 2.632585571531993
k2 = 42.63804401673344 +/- 5.356441542284879
k3 = -95.64131071752969 +/- 33.47527092085614
k4 = -3.1416227213018524 +/- 2.6436128223506437
k5 = 41.95380352422702 +/- 5.027871184869404
k6 = -93.27043025745071 +/- 33.500348705975355

Tangential Distortion
p1 = 0.0032188309967831484 /- 0.0009216760901182065
p2 = 0.0018295497800726154 /- 0.0009023875547202082

Thin Prism Distortion:
s1 = -0.0021098979224847773 +/- 0.0009388619862782416
s2 = 0.0012428659136463056 +/- 0.00251920033769959
s3 = -0.002609588650953076 +/- 0.0008292938440176979
s4 = -0.0023696866725118784 +/- 0.0016857086750559963

