RMS reprojection error = 0.10899129929836622
sharpness = 1.6529625604550044

Camera Matrix:
fx = 2700.0815601381028 +/- 0.37682967647756915
fy = 2699.909138156078 +/- 0.47150337799778164
cx = 1639.0383426076205 +/- 0.606520322939884
cy = 1231.3580267636578 +/- 0.6914169278282908

Radial Distortion:
k1 = 5.472041286473362 +/- 1.4973938353915337
k2 = 36.3992741961627 +/- 1.604907496391668
k3 = 51.405487707671476 +/- 15.757824639526467
k4 = 5.37660528539172 +/- 1.5043240645121982
k5 = 34.101524143495936 +/- 1.3869047230069464
k6 = 53.63894299880063 +/- 16.018515232667788

Tangential Distortion
p1 = 0.0023875116082834225 /- 0.0002121144359845406
p2 = 0.0020053478507106883 /- 0.00021356271586955156

Thin Prism Distortion:
s1 = -0.0021925507491353333 +/- 0.00030931185801238385
s2 = 0.0002597549572938079 +/- 0.00024151384694714718
s3 = -0.0016439728345161318 +/- 0.00024891891937710823
s4 = -0.001442846134912066 +/- 0.00022699812287998986

