RMS reprojection error = 0.15617247267785256
sharpness = 3.6731934666633608

Camera Matrix:
fx = 2700.4610986574185 +/- 0.6207921499275828
fy = 2700.510004476694 +/- 0.7529232848022288
cx = 1639.2804572414016 +/- 1.6077396749932977
cy = 1230.4765682010507 +/- 1.730882297937225

Radial Distortion:
k1 = 5.155568936967108 +/- 1.444622046155063
k2 = 33.05308835584613 +/- 3.5180880300166693
k3 = 71.22491259443913 +/- 0.3198760416960953
k4 = 5.054836903284665 +/- 1.4542154452140472
k5 = 30.92237910239287 +/- 3.1684209937552175
k6 = 72.80385939236774 +/- 0.47549471278171906

Tangential Distortion
p1 = 0.0020952009419897585 /- 0.0004967432083214457
p2 = 0.002082733853276023 /- 0.0004905661150211547

Thin Prism Distortion:
s1 = -0.002162618824135705 +/- 0.0005134835297899516
s2 = 8.388698068887085e-05 +/- 0.0013709345888843112
s3 = -0.0015833018934916896 +/- 0.0004503007462133175
s4 = -0.0010443862122207887 +/- 0.0009243369258358847

