RMS reprojection error = 0.5786528022788143
sharpness = 14.408551534016928

Camera Matrix:
fx = 2700.640650508951 +/- 2.2688961413521285
fy = 2700.428492858109 +/- 2.740443523924577
cx = 1639.4782868454738 +/- 3.227192640247307
cy = 1230.6209958150068 +/- 3.68233440483424

Radial Distortion:
k1 = 14.099201883925506 +/- 15.06285293382325
k2 = 41.95111251186473 +/- 11.603680360930628
k3 = 138.5370579931454 +/- 160.98694580312073
k4 = 14.045245722687485 +/- 15.130948717907891
k5 = 37.63337351177455 +/- 10.027323361553954
k6 = 142.40600722878298 +/- 163.5404648720713

Tangential Distortion
p1 = 0.0025541468227217243 /- 0.0011269323718572236
p2 = 0.0021634924362934575 /- 0.0011337057205970404

Thin Prism Distortion:
s1 = -0.0024763818424843585 +/- 0.0016427449671276848
s2 = 1.0627776197679012e-05 +/- 0.0012770259641291578
s3 = -0.0018075635948191053 +/- 0.0013218678510815022
s4 = -0.0014790931633884192 +/- 0.0012019105895008323

