RMS reprojection error = 0.12145105443567883
sharpness = 1.6004000703493755

Camera Matrix:
fx = 2699.7020456625487 +/- 0.4266243025130306
fy = 2699.909807643979 +/- 0.5300923198371246
cx = 1638.5074669816395 +/- 0.6528220973515518
cy = 1231.1496572006436 +/- 0.7737133151933512

Radial Distortion:
k1 = 5.258664162723573 +/- 1.6879196294525223
k2 = 35.59971678011765 +/- 1.824737046035081
k3 = 49.833046805217215 +/- 17.76940139347443
k4 = 5.1597630256378295 +/- 1.6957973628805072
k5 = 33.38102404689996 +/- 1.5670978163563118
k6 = 51.985834500924916 +/- 18.065651846884016

Tangential Distortion
p1 = 0.0023489098262795757 /- 0.00023184924405558345
p2 = 0.0017580582481921568 /- 0.00022632161515914859

Thin Prism Distortion:
s1 = -0.0019387201724995159 +/- 0.0003317596228626282
s2 = 0.0003575484920786355 +/- 0.0002644804411721971
s3 = -0.0016721371381917729 +/- 0.00027108006961753324
s4 = -0.0013998967635221243 +/- 0.0002543045436486668

