RMS reprojection error = 0.3122005404769991
sharpness = 14.839480876922607

Camera Matrix:
fx = 2699.455755163067 +/- 1.023376513413912
fy = 2698.6257329102336 +/- 1.2996325313979378
cx = 1637.245612566358 +/- 1.7480679741376393
cy = 1229.773604273801 +/- 1.9875619170479306

Radial Distortion:
k1 = 2.5319282826990057 +/- 3.07701878534574
k2 = 32.0734748120237 +/- 3.9132511860963235
k3 = 21.719239593055608 +/- 31.292908605653945
k4 = 2.415557097209802 +/- 3.0911900447737297
k5 = 30.58667281064258 +/- 3.3986203036876828
k6 = 23.29159068040022 +/- 31.851370478864283

Tangential Distortion
p1 = 0.001744860776174168 /- 0.0006089919682920219
p2 = 0.0013747473549064863 /- 0.0006139710276789655

Thin Prism Distortion:
s1 = -0.001326492972379347 +/- 0.0008871308796826649
s2 = 0.00011049219095003356 +/- 0.0006950749238516366
s3 = -0.000900486336689735 +/- 0.0007140205877761759
s4 = -0.000892668529854174 +/- 0.0006517489858965852

