RMS reprojection error = 0.19010662275899043
sharpness = 7.386129450798035

Camera Matrix:
fx = 2699.984739904632 +/- 0.7521525016565015
fy = 2700.763071205235 +/- 0.9140662933269772
cx = 1637.7831701846833 +/- 1.9583054324815503
cy = 1230.6197438257234 +/- 2.1119272691872992

Radial Distortion:
k1 = 5.579362997043061 +/- 1.7895140109222962
k2 = 28.809975653762304 +/- 4.176281347218876
k3 = 85.37221029332275 +/- 0.4029001166290656
k4 = 5.470785149705665 +/- 1.800877911975785
k5 = 26.738499231441587 +/- 3.7536630887093003
k6 = 86.70043907441398 +/- 0.5890455958305111

Tangential Distortion
p1 = 0.0024740841206331624 /- 0.0006058227937355712
p2 = 0.0015726684728244863 /- 0.0005973870611079859

Thin Prism Distortion:
s1 = -0.0019181615151635087 +/- 0.0006249766548719861
s2 = 0.0010358598090773944 +/- 0.0016738744461160773
s3 = -0.0020887951996999927 +/- 0.0005484108372698339
s4 = -0.0012437626165951122 +/- 0.0011271603171498967

