RMS reprojection error = 0.3082283055705233
sharpness = 14.012381887435913

Camera Matrix:
fx = 2700.4769290098325 +/- 1.2373290497105365
fy = 2700.475798967474 +/- 1.49595548714599
cx = 1640.7169622714102 +/- 3.1875238459513358
cy = 1229.5792927046055 +/- 3.4323454042220596

Radial Distortion:
k1 = 6.843491051909572 +/- 3.0940494795081053
k2 = 30.424074019693798 +/- 7.350565842705832
k3 = 114.89241468299178 +/- 0.7060940342096559
k4 = 6.743718087978784 +/- 3.113993770377319
k5 = 28.039876047386162 +/- 6.636665792803222
k6 = 115.96779209754224 +/- 1.0022574585057709

Tangential Distortion
p1 = 0.0021735325172069775 /- 0.0009848758441856535
p2 = 0.0027712719771642025 /- 0.0009722740256737256

Thin Prism Distortion:
s1 = -0.0034970433912182987 +/- 0.0010151447452662991
s2 = -0.0006380409089414619 +/- 0.002705499861339454
s3 = -0.002324673979875124 +/- 0.0008912869903052479
s4 = -0.000228825861428125 +/- 0.0018245353834439432

