RMS reprojection error = 0.10605310242352269
sharpness = 1.498778373003006

Camera Matrix:
fx = 2699.9748985746337 +/- 0.3661900522292714
fy = 2700.1028946011575 +/- 0.45844758482094944
cx = 1638.9794121681823 +/- 0.5895477327797959
cy = 1231.506310160453 +/- 0.6725328702576975

Radial Distortion:
k1 = 5.398239882723701 +/- 1.4532326018438046
k2 = 36.194072390231966 +/- 1.5498024354757682
k3 = 51.1636466456267 +/- 15.365654301899603
k4 = 5.30186458183763 +/- 1.4599285483944309
k5 = 33.91852518338014 +/- 1.3395914090278251
k6 = 53.36751459314702 +/- 15.617025066614502

Tangential Distortion
p1 = 0.0023687945424360085 /- 0.00020638154565292606
p2 = 0.0019054437131983829 /- 0.00020771656079467346

Thin Prism Distortion:
s1 = -0.002127357054426819 +/- 0.0003009529752272675
s2 = 0.000345758263311266 +/- 0.00023484876936722549
s3 = -0.001577178640754498 +/- 0.00024219817608685167
s4 = -0.0014600382296897833 +/- 0.00022081966231612843

