RMS reprojection error = 0.2169369757160731
sharpness = 10.143611288070678

Camera Matrix:
fx = 2701.1971217106975 +/- 0.8599776947568648
fy = 2700.5712905973364 +/- 1.043768311999928
cx = 1639.8285369166913 +/- 2.2629111315030213
cy = 1230.7696940627843 +/- 2.427366467067832

Radial Distortion:
k1 = 4.545926961095975 +/- 2.003806253092529
k2 = 33.25747338860447 +/- 4.6633295431083575
k3 = 49.45178944412071 +/- 0.4413833667848532
k4 = 4.445189171804718 +/- 2.0169678756668983
k5 = 31.24310149772774 +/- 4.181958802400907
k6 = 51.33949994160183 +/- 0.645244470249356

Tangential Distortion
p1 = 0.0024333480436806577 /- 0.0006942644257806479
p2 = 0.001976044959016247 /- 0.0006863549320216524

Thin Prism Distortion:
s1 = -0.0018740982445427368 +/- 0.000714688048836046
s2 = -0.0005149582892653859 +/- 0.0019124579573932406
s3 = -0.0020078263052570058 +/- 0.0006283986610231694
s4 = -0.001188732678326995 +/- 0.0012841911124956689

