RMS reprojection error = 0.13520054770754503
sharpness = 1.8669781933228176

Camera Matrix:
fx = 2699.658671922344 +/- 0.4733617380940234
fy = 2699.883926775417 +/- 0.5887879431561572
cx = 1638.7104032191946 +/- 0.7262215148841517
cy = 1230.9058314078347 +/- 0.8607962742481976

Radial Distortion:
k1 = 5.02940437131395 +/- 1.8018412306740152
k2 = 36.28026495892617 +/- 2.0694227835877634
k3 = 46.69445915732351 +/- 18.89717230579879
k4 = 4.930459642748265 +/- 1.810443397669636
k5 = 34.08852322572897 +/- 1.7779560333405409
k6 = 48.841093025226925 +/- 19.217609854351533

Tangential Distortion
p1 = 0.002370306017481126 /- 0.00025796087199099845
p2 = 0.0017505060840626926 /- 0.0002519729119327832

Thin Prism Distortion:
s1 = -0.0018474805630649654 +/- 0.0003693601481489425
s2 = 0.0002678215626378446 +/- 0.0002941802207786127
s3 = -0.0017467141267880578 +/- 0.0003016718980869164
s4 = -0.0012745707134058796 +/- 0.0002829655530664512

