RMS reprojection error = 0.1100073844488078
sharpness = 1.5632683694362641

Camera Matrix:
fx = 2700.467067308819 +/- 0.43993875268195376
fy = 2700.6172549424587 +/- 0.5328618620757062
cx = 1639.128428900968 +/- 1.1427459685626669
cy = 1230.5365339568282 +/- 1.2248981754645978

Radial Distortion:
k1 = 5.264731900524282 +/- 1.0657329824776298
k2 = 35.048862126987416 +/- 2.5504075138863436
k3 = 57.28606624847772 +/- 0.23588710847974265
k4 = 5.166531385959185 +/- 1.0727782107660206
k5 = 32.83183759070603 +/- 2.2902214583494582
k6 = 59.26785160785716 +/- 0.3366995908054315

Tangential Distortion
p1 = 0.002221831224436363 /- 0.0003510210684086218
p2 = 0.0019233445287914562 /- 0.00034781989478829616

Thin Prism Distortion:
s1 = -0.001967976174765012 +/- 0.0003625053638067932
s2 = -7.984387558744462e-05 +/- 0.0009687364295734281
s3 = -0.0016975930072477064 +/- 0.00031776030116319214
s4 = -0.0011861780733454853 +/- 0.0006514317526906741

