RMS reprojection error = 0.13891623040849138
sharpness = 2.831351613998413

Camera Matrix:
fx = 2700.0636496324755 +/- 0.5467124951056682
fy = 2700.3484253833617 +/- 0.6651215016680869
cx = 1639.1577314467318 +/- 1.4367695861920784
cy = 1230.2965899293636 +/- 1.544303086179721

Radial Distortion:
k1 = 3.75393492298268 +/- 1.1985464172796325
k2 = 34.36755857799563 +/- 2.997701357308862
k3 = 41.312462598125045 +/- 0.2583010082041049
k4 = 3.6489864979040556 +/- 1.2066007244127146
k5 = 32.50031588519236 +/- 2.696469134349273
k6 = 43.02930474255394 +/- 0.39264490763464094

Tangential Distortion
p1 = 0.002139822756747394 /- 0.00044300787169169147
p2 = 0.0020177495710194493 /- 0.00043796213073137

Thin Prism Distortion:
s1 = -0.0021699713517860336 +/- 0.00045731739766198087
s2 = 0.00017364612573391724 +/- 0.0012218039250195018
s3 = -0.001662563435522348 +/- 0.00040110242307208395
s4 = -0.0010797634163767418 +/- 0.0008226247271644708

