RMS reprojection error = 0.11012174343393201
sharpness = 1.5817782878875732

Camera Matrix:
fx = 2700.385851173638 +/- 0.43781538087415045
fy = 2700.635994567217 +/- 0.5311972775775059
cx = 1638.90570437386 +/- 1.143341643242212
cy = 1230.2373408356266 +/- 1.226229679060584

Radial Distortion:
k1 = 4.531547580599735 +/- 1.018658515972541
k2 = 35.50695285453627 +/- 2.4833976649133107
k3 = 45.38577005743163 +/- 0.22261440722408157
k4 = 4.431779216528067 +/- 1.0254704805084727
k5 = 33.4306133047148 +/- 2.2307689115771883
k6 = 47.361421177876565 +/- 0.32476416505423206

Tangential Distortion
p1 = 0.002145607141885045 /- 0.00035144091804597914
p2 = 0.001894933980022389 /- 0.0003480105551946807

Thin Prism Distortion:
s1 = -0.001997471914595453 +/- 0.00036283753251384825
s2 = -4.081308593318515e-05 +/- 0.0009693887018849026
s3 = -0.0016171846098855418 +/- 0.0003181545376827791
s4 = -0.0010054479564643214 +/- 0.0006519876956901981

