RMS reprojection error = 0.1324978802860351
sharpness = 2.186170523365339

Camera Matrix:
fx = 2700.187453410814 +/- 0.4523621564358458
fy = 2699.66318399826 +/- 0.5679660077208827
cx = 1639.0079445698889 +/- 0.7368803579826819
cy = 1231.1124918809637 +/- 0.8394321533491704

Radial Distortion:
k1 = 4.654386588559472 +/- 1.6313636049655238
k2 = 36.64043264569681 +/- 1.9294803100627107
k3 = 42.10391863787567 +/- 17.002518552441817
k4 = 4.556276340533585 +/- 1.6391683864814603
k5 = 34.50913593006696 +/- 1.6700582061666647
k6 = 44.22605137239473 +/- 17.292996787442497

Tangential Distortion
p1 = 0.002369661678478177 /- 0.00025766763423499547
p2 = 0.0020092087588331245 /- 0.00025968708121554306

Thin Prism Distortion:
s1 = -0.002210957210283007 +/- 0.0003760155497757038
s2 = 0.00024119219833285114 +/- 0.0002937478192012315
s3 = -0.0017044719867794903 +/- 0.0003024824685190134
s4 = -0.0013544586191958634 +/- 0.0002760395573969065

