RMS reprojection error = 0.2712175927718163
sharpness = 14.046087074279786

Camera Matrix:
fx = 2700.1249159730623 +/- 1.0820742507677472
fy = 2700.031979208525 +/- 1.3109529884544622
cx = 1637.0484900662907 +/- 2.813616113079049
cy = 1231.3356261396589 +/- 3.0363146721288805

Radial Distortion:
k1 = 5.82887012047904 +/- 2.6161953888552736
k2 = 32.58599570963799 +/- 6.415927426994694
k3 = 87.22804544155585 +/- 0.579754329016579
k4 = 5.727342027150983 +/- 2.6332331972080367
k5 = 30.361640138093833 +/- 5.788689111005308
k6 = 88.55671390967737 +/- 0.8373035476009547

Tangential Distortion
p1 = 0.0022534559934010955 /- 0.000869295082195987
p2 = 0.001479253990655584 /- 0.0008571875396564427

Thin Prism Distortion:
s1 = -0.0019563022049709673 +/- 0.0008945914752211586
s2 = 0.0014012671437569465 +/- 0.002377135047287814
s3 = -0.0017600821812201349 +/- 0.0007848452254091588
s4 = -0.0012465449555021692 +/- 0.0016071621190259144

