RMS reprojection error = 0.6608098305448138
sharpness = 14.027936100959778

Camera Matrix:
fx = 2701.6820363522675 +/- 2.1253539633798915
fy = 2699.3990793530656 +/- 2.7152029659164465
cx = 1640.7453542166922 +/- 3.682312375055108
cy = 1231.5856090212092 +/- 4.189677138985014

Radial Distortion:
k1 = 1.1534437524061896 +/- 4.8740150796012465
k2 = 33.24438274036904 +/- 7.251453442520996
k3 = 9.912283131863095 +/- 50.85921458391528
k4 = 1.0433946890738992 +/- 4.899560144593158
k5 = 31.95523247082138 +/- 6.437214509938414
k6 = 11.342727117178573 +/- 51.742369200941894

Tangential Distortion
p1 = 0.002789646629805109 /- 0.0012839934911837007
p2 = 0.0023900643464248236 /- 0.001293715610563937

Thin Prism Distortion:
s1 = -0.0018495232172969652 +/- 0.0018726437905320738
s2 = -0.0005002656753403439 +/- 0.0014705122674347898
s3 = -0.0024647350312348936 +/- 0.0015086717508844382
s4 = -0.0012070730137911019 +/- 0.0013803550894748826

