RMS reprojection error = 0.19473045386273335
sharpness = 8.16826605796814

Camera Matrix:
fx = 2699.5094044436187 +/- 0.6449925834372486
fy = 2700.119208302066 +/- 0.8176510314781474
cx = 1639.0450610674097 +/- 1.0807937681852835
cy = 1230.7225547830187 +/- 1.232887989835381

Radial Distortion:
k1 = 2.974054564525312 +/- 2.0024762029110312
k2 = 33.76037637941346 +/- 2.497824865067239
k3 = 27.1497902612115 +/- 21.01529678897221
k4 = 2.8636024552128014 +/- 2.0119486298530975
k5 = 32.09326035814691 +/- 2.173431450157057
k6 = 28.85337848810017 +/- 21.36735937589241

Tangential Distortion
p1 = 0.0020047160662711823 /- 0.0003788742087063697
p2 = 0.0020440031012497325 /- 0.00038149562017449507

Thin Prism Distortion:
s1 = -0.0023377110516959176 +/- 0.0005526074438678477
s2 = 0.0002721664547456676 +/- 0.00043207417950873785
s3 = -0.0012853145175579363 +/- 0.0004446340089345296
s4 = -0.0013166992311549504 +/- 0.00040602398298448725

