RMS reprojection error = 0.18886041759355107
sharpness = 6.21197372674942

Camera Matrix:
fx = 2700.431065844381 +/- 0.6722958736387562
fy = 2700.027585474753 +/- 0.8317813659945936
cx = 1638.1800703469435 +/- 1.0169857235471258
cy = 1231.0280922076865 +/- 1.2018517093711025

Radial Distortion:
k1 = 5.923860733353873 +/- 2.6998033026368136
k2 = 37.856466541591246 +/- 3.0917010296919294
k3 = 53.11588213584095 +/- 27.778103397048213
k4 = 5.831443585778857 +/- 2.71291257629012
k5 = 35.41605658890638 +/- 2.6474813820397998
k6 = 55.512279224157716 +/- 28.26937483589632

Tangential Distortion
p1 = 0.0024333211499089472 /- 0.00036025479804220226
p2 = 0.0016345484501451067 /- 0.00035253203447415743

Thin Prism Distortion:
s1 = -0.001799444439653623 +/- 0.0005161108055135373
s2 = 0.00044469620955591473 +/- 0.00041263118130432767
s3 = -0.0016571126915121736 +/- 0.0004213291098362822
s4 = -0.001327582583901021 +/- 0.0003961019477343929

