RMS reprojection error = 0.2089385266700579
sharpness = 8.8434609969457

Camera Matrix:
fx = 2701.044331057842 +/- 0.7605043316293099
fy = 2700.6752823862826 +/- 0.937849844416742
cx = 1641.9101760872707 +/- 1.1550431927375124
cy = 1230.8098742121258 +/- 1.3223271530317553

Radial Distortion:
k1 = 8.714458073453514 +/- 3.9066549452948967
k2 = 37.406665943214584 +/- 3.252265045836445
k3 = 90.4909808832762 +/- 43.28232695670929
k4 = 8.635916739100704 +/- 3.924109651879464
k5 = 34.34853244011762 +/- 2.8773573860396304
k6 = 93.24488155187785 +/- 43.916132835284635

Tangential Distortion
p1 = 0.0020972859971245114 /- 0.0004059977837687338
p2 = 0.0027326263478406943 /- 0.0004073744675130814

Thin Prism Distortion:
s1 = -0.0027871792910176343 +/- 0.0005920524508493309
s2 = -0.00042281413957962497 +/- 0.00045988138336613694
s3 = -0.0013892102828269174 +/- 0.00047691190538647727
s4 = -0.001157717908505836 +/- 0.00043384466038858964

