RMS reprojection error = 0.399665470570014
sharpness = 12.99221420288086

Camera Matrix:
fx = 2699.088386417346 +/- 1.3052166394226354
fy = 2699.151401371461 +/- 1.6607899159311346
cx = 1638.145521355682 +/- 2.217178733515014
cy = 1228.2051840460335 +/- 2.5257570461442254

Radial Distortion:
k1 = 2.122483868909 +/- 3.4382657952026934
k2 = 34.496883865726694 +/- 5.102563039259851
k3 = 16.646723208574457 +/- 35.035294923863816
k4 = 2.01130211210737 +/- 3.4558285850971124
k5 = 32.98767004392387 +/- 4.474600059039367
k6 = 18.28288687015084 +/- 35.68170697029882

Tangential Distortion
p1 = 0.0021922357874312993 /- 0.0007759020331654945
p2 = 0.0014892396127098198 /- 0.0007827892724665243

Thin Prism Distortion:
s1 = -0.001441537390684396 +/- 0.0011337385363568346
s2 = 0.000668144583086571 +/- 0.0008863809309028703
s3 = -0.0018575415053781927 +/- 0.0009117199574232062
s4 = -0.0009698526969441439 +/- 0.0008323365649872368

