RMS reprojection error = 0.7058641278972557
sharpness = 9.38399043083191

Camera Matrix:
fx = 2700.0576337718603 +/- 2.9380748992729186
fy = 2700.3334574741666 +/- 3.5199463157301394
cx = 1645.9361311489517 +/- 7.357690315191198
cy = 1231.7457640068546 +/- 7.789447350238081

Radial Distortion:
k1 = 9.941698082868491 +/- 9.251949140733323
k2 = 31.905130573330833 +/- 18.438854218131198
k3 = 106.21773211350383 +/- 2.2441571783757066
k4 = 9.851691732156109 +/- 9.308666190806361
k5 = 28.740126388025818 +/- 16.370159670100055
k6 = 109.05244396349929 +/- 2.7116196907278725

Tangential Distortion
p1 = 0.0025633322316568415 /- 0.0022401342230216397
p2 = 0.004310790881721908 /- 0.002242179979268455

Thin Prism Distortion:
s1 = -0.004485321920558527 +/- 0.002321802021589683
s2 = -0.0011610737747972167 +/- 0.00629911563224819
s3 = -0.001877851728680347 +/- 0.0020329385606180253
s4 = -0.0006998444672553973 +/- 0.004180895448459962

