RMS reprojection error = 0.11151816642733034
sharpness = 1.6776008367538453

Camera Matrix:
fx = 2700.090253449554 +/- 0.43991775669226735
fy = 2700.258471477363 +/- 0.5348645275234251
cx = 1638.4833136762809 +/- 1.1548663668501788
cy = 1230.6632193918695 +/- 1.2400730343242448

Radial Distortion:
k1 = 3.7307358933230503 +/- 0.9706777491810438
k2 = 35.636247950849125 +/- 2.4425694212609055
k3 = 35.60277263094614 +/- 0.2085252190482913
k4 = 3.628023999635278 +/- 0.9772530129161092
k5 = 33.73124575841166 +/- 2.196906481155958
k6 = 37.474739232534944 +/- 0.3146872606306268

Tangential Distortion
p1 = 0.002179141402377549 /- 0.00035553552806534257
p2 = 0.0017194538389885472 /- 0.00035178022700675253

Thin Prism Distortion:
s1 = -0.001791072934871104 +/- 0.0003672322632010547
s2 = 0.00013359705935039008 +/- 0.0009804386776821699
s3 = -0.0015491816278900945 +/- 0.00032192070641763533
s4 = -0.0012160129461689382 +/- 0.0006601689406268014

