RMS reprojection error = 0.1479666350338376
sharpness = 3.9085185527801514

Camera Matrix:
fx = 2700.403944484472 +/- 0.5086764083594373
fy = 2700.0773941559914 +/- 0.6375137568055471
cx = 1638.564543920488 +/- 0.8227216989317144
cy = 1231.5032770860796 +/- 0.9383012025891831

Radial Distortion:
k1 = 5.079480005375672 +/- 1.9302292309609768
k2 = 36.5372320732675 +/- 2.1394185137683177
k3 = 47.758774532256 +/- 20.399563728192703
k4 = 4.983878895971861 +/- 1.9393206086283905
k5 = 34.31229710877493 +/- 1.8543411332370938
k6 = 49.93315953137248 +/- 20.735187285827195

Tangential Distortion
p1 = 0.0025582294623582654 /- 0.00028791418365473254
p2 = 0.0019205699606409832 /- 0.00028979552864113014

Thin Prism Distortion:
s1 = -0.0022342245247175463 +/- 0.00041983839164581996
s2 = 0.000552004909202619 +/- 0.00032771382918825147
s3 = -0.0018879712281111292 +/- 0.0003379154435148542
s4 = -0.0014985455349895915 +/- 0.0003081493123985832

