RMS reprojection error = 0.10589947300779988
sharpness = 1.5419762631257374

Camera Matrix:
fx = 2699.9566678034844 +/- 0.3635341462820294
fy = 2699.966624236857 +/- 0.45586879252086143
cx = 1639.029966230027 +/- 0.5889288655829151
cy = 1231.469198805155 +/- 0.6716292848908573

Radial Distortion:
k1 = 5.049004392879 +/- 1.3997043141748922
k2 = 35.85713983428198 +/- 1.525581591049399
k3 = 47.491725380832904 +/- 14.749894555327206
k4 = 4.950534799291406 +/- 1.4061650478959087
k5 = 33.670562273101794 +/- 1.318918189414321
k6 = 49.62694203816423 +/- 14.993321576756529

Tangential Distortion
p1 = 0.0023568112541659915 /- 0.0002060859263475072
p2 = 0.0019371670308755728 /- 0.0002074715051859217

Thin Prism Distortion:
s1 = -0.002177806173815049 +/- 0.00030054239251638436
s2 = 0.0003369201465658127 +/- 0.0002345964997323975
s3 = -0.0015789220087038293 +/- 0.00024185399150681027
s4 = -0.0014441446152809654 +/- 0.00022054653455068823

