RMS reprojection error = 0.17869335697985528
sharpness = 6.4057660301526385

Camera Matrix:
fx = 2700.213435287419 +/- 0.6308799958637696
fy = 2700.1565869773085 +/- 0.7846668249149844
cx = 1638.6913998874707 +/- 0.9932649319909956
cy = 1230.6349363593213 +/- 1.1338095048044192

Radial Distortion:
k1 = 6.823554284375999 +/- 2.8487710252275775
k2 = 36.572135013696716 +/- 2.7189990451699964
k3 = 66.36592003366457 +/- 30.309763182559177
k4 = 6.733474085953516 +/- 2.8615592877771343
k5 = 33.97887241583606 +/- 2.3523854347813087
k6 = 68.82746367474064 +/- 30.799226321918894

Tangential Distortion
p1 = 0.0022756630393754532 /- 0.0003476322940850505
p2 = 0.0017986539977741776 /- 0.00034960842953235603

Thin Prism Distortion:
s1 = -0.001975424305744833 +/- 0.0005069741011885177
s2 = 0.00034994830650470914 +/- 0.00039505726280519724
s3 = -0.0014706992456628477 +/- 0.0004081253317197078
s4 = -0.0012061484374907628 +/- 0.0003716768861682622

