RMS reprojection error = 0.2606768641866472
sharpness = 13.105541030565897

Camera Matrix:
fx = 2699.4779403493017 +/- 0.8445157181096637
fy = 2699.635727040939 +/- 1.077408592913599
cx = 1638.879632808084 +/- 1.4505135752882725
cy = 1230.3765058074698 +/- 1.653763175971811

Radial Distortion:
k1 = 1.6827955983990686 +/- 2.12709484498344
k2 = 33.478231967489606 +/- 3.121583804891547
k3 = 13.822635835788532 +/- 22.011261036809596
k4 = 1.5698013881826751 +/- 2.1378750515467764
k5 = 32.09563706274352 +/- 2.7468082380946908
k6 = 15.325643510868787 +/- 22.399648101487795

Tangential Distortion
p1 = 0.0020735364850107017 /- 0.0005071461776617886
p2 = 0.001821800555402714 /- 0.0005110110878936746

Thin Prism Distortion:
s1 = -0.0022131862953622596 +/- 0.0007397439702880232
s2 = 0.0007961095558417698 +/- 0.000578123339371175
s3 = -0.0012262533657035365 +/- 0.0005953017397499593
s4 = -0.001130940550438801 +/- 0.0005431212195620739

