RMS reprojection error = 0.1794359110519462
sharpness = 6.490442971388499

Camera Matrix:
fx = 2700.698427566774 +/- 0.6117491557413087
fy = 2701.035052273424 +/- 0.7689286026224871
cx = 1639.5552504084928 +/- 0.9972760743539877
cy = 1231.353555970655 +/- 1.139168334019311

Radial Distortion:
k1 = 4.565872024549902 +/- 2.2481569446160274
k2 = 35.64639601879423 +/- 2.482849257583293
k3 = 44.17886557260129 +/- 24.105722247279093
k4 = 4.4668027970492075 +/- 2.258635017813039
k5 = 33.56188671632721 +/- 2.1588875722229868
k6 = 46.20740622141347 +/- 24.488243237045094

Tangential Distortion
p1 = 0.002140792957229877 /- 0.00034941614347049294
p2 = 0.0020470893292901127 /- 0.0003513741124288266

Thin Prism Distortion:
s1 = -0.002167267361106882 +/- 0.0005092553187640077
s2 = 0.00026821377242670886 +/- 0.0003971181932865749
s3 = -0.0012257741604847303 +/- 0.0004099487407081998
s4 = -0.0014857987967885472 +/- 0.00037372939689023053

