RMS reprojection error = 0.10903634506741827
sharpness = 1.5001756608486176

Camera Matrix:
fx = 2700.3447557376157 +/- 0.4344125612980313
fy = 2700.5151380129164 +/- 0.5266935842457567
cx = 1638.9969918501104 +/- 1.1314515400715897
cy = 1230.6279824079581 +/- 1.2137355479173813

Radial Distortion:
k1 = 4.8368553696480285 +/- 1.0224988313025098
k2 = 35.33468577274081 +/- 2.4963907709550894
k3 = 52.76160668007577 +/- 0.22415026411567993
k4 = 4.7377953827040145 +/- 1.0293207820891324
k5 = 33.20240245080919 +/- 2.2443077377261695
k6 = 54.67028857662367 +/- 0.3261307080388363

Tangential Distortion
p1 = 0.00220505356585711 /- 0.0003478398497979717
p2 = 0.0018799965619176332 /- 0.0003444725060793211

Thin Prism Distortion:
s1 = -0.0018988639268069458 +/- 0.0003592622414800037
s2 = -0.00017267141554352632 +/- 0.0009590366851723324
s3 = -0.0016487324357929156 +/- 0.0003149123282677562
s4 = -0.0012867226649202668 +/- 0.0006454435512471052

