RMS reprojection error = 0.1779043464996694
sharpness = 6.445444583892822

Camera Matrix:
fx = 2700.0169400727823 +/- 0.7527464755201164
fy = 2699.9046233491854 +/- 0.8906404192102282
cx = 1637.7524494283934 +/- 1.8419745194493369
cy = 1231.4009393365673 +/- 1.9862295914515913

Radial Distortion:
k1 = 2.425814675407314 +/- 5.975809930626845
k2 = 40.52149166323193 +/- 6.667216923597458
k3 = -8.518149874212856 +/- 104.81117007112975
k4 = 2.3288323727656577 +/- 5.991112864524383
k5 = 38.708415427462086 +/- 7.370655407214375
k6 = -5.953762494777455 +/- 104.61291869771611

Tangential Distortion
p1 = 0.0023244643956444994 /- 0.0005690154546044243
p2 = 0.0016728911384036654 /- 0.0005604791104184247

Thin Prism Distortion:
s1 = -0.0018177454579535366 +/- 0.0005858982954751921
s2 = 0.0011052871385015403 +/- 0.0015672575102263927
s3 = -0.0014823332410908454 +/- 0.000515106693124804
s4 = -0.0018582334774846015 +/- 0.0010514945532328428

