RMS reprojection error = 0.30154849508201265
sharpness = 14.223016166687012

Camera Matrix:
fx = 2700.293135449349 +/- 1.2667036866165422
fy = 2700.909460282045 +/- 1.5024203051620857
cx = 1632.6179717708521 +/- 3.108436261216927
cy = 1236.0384226694953 +/- 3.367344498374523

Radial Distortion:
k1 = 2.0955122350763773 +/- 10.383513741822
k2 = 39.23772646389705 +/- 11.196142382105352
k3 = -7.081424839807789 +/- 184.81280381136582
k4 = 1.991799942814727 +/- 10.408506569255373
k5 = 37.55675833973923 +/- 12.449162524886354
k6 = -4.771439387607072 +/- 184.3703284912

Tangential Distortion
p1 = 0.0030467983246625567 /- 0.0009646541058600824
p2 = -9.31744106856009e-05 /- 0.0009475453140013496

Thin Prism Distortion:
s1 = -0.00045528659568278565 +/- 0.00099262037124807
s2 = 0.0032255245993982264 +/- 0.0026541799028035164
s3 = -0.0020540501729301537 +/- 0.0008711670694847462
s4 = -0.0024366603778624768 +/- 0.0017858295745569346

