RMS reprojection error = 1.5352206194929225
sharpness = 14.758593400319418

Camera Matrix:
fx = 2703.765546951588 +/- 5.653085294616605
fy = 2708.8942651106217 +/- 6.934224909078122
cx = 1632.6500341987157 +/- 8.62268161136695
cy = 1234.7038757788166 +/- 9.896412568982914

Radial Distortion:
k1 = 41.78018918911799 +/- 10.647032024001538
k2 = 51.684014488123495 +/- 52.24938002194571
k3 = 434.6716058259329 +/- 3.7358357521519876
k4 = 41.837707595194956 +/- 10.768782621812978
k5 = 41.274392898160094 +/- 48.728032070471784
k6 = 442.93145055126644 +/- 1.5003198515094762

Tangential Distortion
p1 = 0.003978056825816963 /- 0.0030131277179598574
p2 = 0.001721530663780692 /- 0.0030236574470202107

Thin Prism Distortion:
s1 = -0.0037253321053199546 +/- 0.004373319675441594
s2 = 0.004077659323704312 +/- 0.003398344139172311
s3 = -0.00408088098033866 +/- 0.003514787542266297
s4 = -0.003334551054671448 +/- 0.0031982562770107746

