RMS reprojection error = 0.21407755039876739
sharpness = 9.435176948706308

Camera Matrix:
fx = 2700.563007059021 +/- 0.7201564738238925
fy = 2700.8451450137723 +/- 0.9084959924918247
cx = 1639.5344112361577 +/- 1.193873113625301
cy = 1229.4830406636815 +/- 1.3600844743632439

Radial Distortion:
k1 = 3.790368127766236 +/- 2.400940373912927
k2 = 35.44529197525019 +/- 2.9330775451361575
k3 = 34.07523743450571 +/- 25.05499849840497
k4 = 3.6875077045660665 +/- 2.4124376312884035
k5 = 33.54133007649082 +/- 2.5489447885863634
k6 = 35.992428372168746 +/- 25.477422960441114

Tangential Distortion
p1 = 0.0019035381378393807 /- 0.0004172706070346183
p2 = 0.0019232255772800595 /- 0.0004202257213175982

Thin Prism Distortion:
s1 = -0.0019560931610878005 +/- 0.0006078551580534822
s2 = 0.0001442460498641251 +/- 0.00047608727775879506
s3 = -0.0014326363659185118 +/- 0.0004892893302105193
s4 = -0.0005608570230038647 +/- 0.0004469306595524611

