RMS reprojection error = 0.23280289955500436
sharpness = 9.830696562925974

Camera Matrix:
fx = 2700.993179222322 +/- 0.8549352001701714
fy = 2701.261403173501 +/- 1.0493331893671385
cx = 1639.8563022729045 +/- 1.2506757175772927
cy = 1230.907061275549 +/- 1.4861095326232823

Radial Distortion:
k1 = 7.642197056395369 +/- 3.983775674449752
k2 = 38.45746929389373 +/- 3.833332221579341
k3 = 76.18754400237792 +/- 43.26093747175059
k4 = 7.560869771601165 +/- 4.002633878099332
k5 = 35.610388599181064 +/- 3.3046099720681674
k6 = 78.81583925142662 +/- 43.932324346572976

Tangential Distortion
p1 = 0.002399008880261602 /- 0.000444882686388448
p2 = 0.0023278820050955415 /- 0.00043338507036158505

Thin Prism Distortion:
s1 = -0.0024715805659052403 +/- 0.0006359521077475785
s2 = -0.000346959911568716 +/- 0.0005050962401629217
s3 = -0.0017744189853598456 +/- 0.0005199239672625388
s4 = -0.0013864975328222277 +/- 0.00048665632308384497

