RMS reprojection error = 0.20275331552965786
sharpness = 8.615608048439025

Camera Matrix:
fx = 2699.8044870141107 +/- 0.750834289530349
fy = 2699.5701992499294 +/- 0.9253725221750804
cx = 1639.4480759195678 +/- 2.092881746741536
cy = 1230.0947260803493 +/- 2.30258589393974

Radial Distortion:
k1 = -3.680545567970162 +/- 1.983177799019294
k2 = 39.6072931971044 +/- 3.3525817318485496
k3 = -85.16884280957956 +/- 30.6336296979587
k4 = -3.80198736390924 +/- 1.9899522634989366
k5 = 39.16258520358476 +/- 3.266684569685577
k6 = -83.38106107242898 +/- 30.61432108070308

Tangential Distortion
p1 = 0.001992023150122103 /- 0.0006582753802543903
p2 = 0.001836971677873662 /- 0.0006376929538118147

Thin Prism Distortion:
s1 = -0.0020525413625412645 +/- 0.0006676693777559285
s2 = 8.509215422137024e-05 +/- 0.0017842594664013516
s3 = -0.0016484410699596302 +/- 0.0005927682142677308
s4 = -0.000614996369732866 +/- 0.0012002601039598137

