RMS reprojection error = 0.10675372170228788
sharpness = 1.580627292394638

Camera Matrix:
fx = 2700.0980692238104 +/- 0.3695166731566904
fy = 2700.099671358919 +/- 0.4622474908166703
cx = 1638.8654570600577 +/- 0.5937974610276524
cy = 1231.3226891054328 +/- 0.6773268445285111

Radial Distortion:
k1 = 5.552595294562334 +/- 1.489526840243617
k2 = 36.21018668438558 +/- 1.564629926029231
k3 = 52.82535391823342 +/- 15.764503427902433
k4 = 5.456995598136599 +/- 1.4963634119453313
k5 = 33.901045375325765 +/- 1.3526768212642895
k6 = 55.053449427379405 +/- 16.02120088763073

Tangential Distortion
p1 = 0.0023285529633793414 /- 0.00020781155392049375
p2 = 0.0018989963003644668 /- 0.00020913103700571922

Thin Prism Distortion:
s1 = -0.002118253078071418 +/- 0.00030296331627154975
s2 = 0.0003564929357346632 +/- 0.00023644546293438248
s3 = -0.0015439630332216893 +/- 0.00024384174640064576
s4 = -0.0014338805328191035 +/- 0.00022231539225235983

