RMS reprojection error = 0.48307266460124454
sharpness = 16.14034676551819

Camera Matrix:
fx = 2701.5846817847078 +/- 1.9164849233632821
fy = 2701.4434546087778 +/- 2.3121199504084373
cx = 1637.2764914370446 +/- 5.023900599294596
cy = 1227.3257776794078 +/- 5.443772211787155

Radial Distortion:
k1 = -0.8311349812428609 +/- 7.8597491211219435
k2 = 43.61708780978316 +/- 10.447341288706431
k3 = -74.1201479391226 +/- 102.82602563717512
k4 = -0.9342264546287254 +/- 7.887824991740272
k5 = 42.38766478429252 +/- 10.306085831510257
k6 = -71.24025795762192 +/- 103.27127803050328

Tangential Distortion
p1 = 0.0009248324422162404 /- 0.001556250444206747
p2 = 0.001527663297544983 /- 0.0015263125972690356

Thin Prism Distortion:
s1 = -0.0013757006444794924 +/- 0.0015940184935334136
s2 = 0.0026886705274922606 +/- 0.004261254291741051
s3 = 8.299253175830706e-05 +/- 0.0014058964946328462
s4 = -0.0036899995098081035 +/- 0.002861790022705125

