RMS reprojection error = 0.6652604686065989
sharpness = 11.058513243993124

Camera Matrix:
fx = 2700.6899770855975 +/- 2.279462895910925
fy = 2700.2071107453144 +/- 2.85859827819173
cx = 1636.9789530135365 +/- 3.696213886161657
cy = 1231.436027836882 +/- 4.209672855169916

Radial Distortion:
k1 = 4.935245169279735 +/- 8.672979073492028
k2 = 35.846417317585484 +/- 9.611908212371418
k3 = 45.79968649077576 +/- 91.34654679770755
k4 = 4.834799059289041 +/- 8.713085005708761
k5 = 33.67895441783456 +/- 8.290745494936646
k6 = 47.89456356622345 +/- 92.83043965578563

Tangential Distortion
p1 = 0.002205621340491741 /- 0.001296056237709229
p2 = 0.0013002660127734225 /- 0.0013048564763835301

Thin Prism Distortion:
s1 = -0.0011988861730207947 +/- 0.0018884667782468085
s2 = 9.682883282389019e-05 +/- 0.0014803901744918707
s3 = -0.0012457073387033219 +/- 0.0015200675538958135
s4 = -0.0013718673132801073 +/- 0.0013902644312289395

