RMS reprojection error = 0.2266931609226714
sharpness = 10.556302046775818

Camera Matrix:
fx = 2699.6546635708646 +/- 0.9194075333408447
fy = 2700.276198676017 +/- 1.1096482065173783
cx = 1638.9476012342564 +/- 2.318867403696524
cy = 1230.2860552283112 +/- 2.489393148058256

Radial Distortion:
k1 = 8.195871542492362 +/- 2.4777641200675538
k2 = 28.66087830710951 +/- 5.239291949313544
k3 = 110.5442590127954 +/- 0.5888680073071542
k4 = 8.102978265403644 +/- 2.493596982477013
k5 = 25.960397623237 +/- 4.691552210409177
k6 = 112.60610349707274 +/- 0.7987887431669811

Tangential Distortion
p1 = 0.0023110217686340977 /- 0.0007156332431814003
p2 = 0.0020760453301890873 /- 0.0007076213087366909

Thin Prism Distortion:
s1 = -0.0022812999626868236 +/- 0.0007421521883506037
s2 = -0.0005187200703389969 +/- 0.0019971072722650574
s3 = -0.0019382864469691286 +/- 0.0006511710271670334
s4 = -0.0009029989709350884 +/- 0.001338748323569368

