RMS reprojection error = 0.3367881333779935
sharpness = 15.352392101287842

Camera Matrix:
fx = 2701.6023195979865 +/- 1.4267959357677003
fy = 2701.1770009722463 +/- 1.7006057809663717
cx = 1639.1664956697102 +/- 3.545188816629551
cy = 1230.0962000183313 +/- 3.772858122959666

Radial Distortion:
k1 = 10.684798920102294 +/- 4.49147166257881
k2 = 42.338735639198504 +/- 10.259529694763497
k3 = 112.16639006448602 +/- 1.0442765306671626
k4 = 10.618871532164901 +/- 4.5213439357648815
k5 = 38.75245474602686 +/- 9.220742729223765
k6 = 115.12059155667359 +/- 1.280107280450026

Tangential Distortion
p1 = 0.0021562089983255097 /- 0.0010771960615233163
p2 = 0.0019700327022015933 /- 0.0010750209324960462

Thin Prism Distortion:
s1 = -0.0017030347318899234 +/- 0.0011150343597785474
s2 = -0.0011367235359504885 +/- 0.0029597153662328907
s3 = -0.0014611595828506218 +/- 0.0009745040074510504
s4 = -0.001531231595182484 +/- 0.0019909698173581946

