RMS reprojection error = 0.1088576323825522
sharpness = 1.5213332772254944

Camera Matrix:
fx = 2700.413277389849 +/- 0.43168370471631795
fy = 2700.5245542283337 +/- 0.52405689570296
cx = 1639.144866965362 +/- 1.1284823688138221
cy = 1230.5397883224548 +/- 1.210794898670639

Radial Distortion:
k1 = 4.241983881139186 +/- 0.982652781964436
k2 = 35.66554799486449 +/- 2.4315869722943932
k3 = 42.90652506125516 +/- 0.21335152274365293
k4 = 4.141604537766256 +/- 0.9892730460719982
k5 = 33.64661429881507 +/- 2.1862213615738733
k6 = 44.82148247072262 +/- 0.31625634037030587

Tangential Distortion
p1 = 0.002187068776355205 /- 0.00034710338729298157
p2 = 0.0018791242270797814 /- 0.0003436290355151833

Thin Prism Distortion:
s1 = -0.001871481310081595 +/- 0.00035853735757430006
s2 = -0.0001847615089490833 +/- 0.0009574711541089583
s3 = -0.0016597069662502694 +/- 0.000314330025113358
s4 = -0.001125743785244297 +/- 0.0006443861860951768

