RMS reprojection error = 0.23438504063139148
sharpness = 10.040680766105652

Camera Matrix:
fx = 2699.701803954984 +/- 0.8071017826959617
fy = 2699.7088217158616 +/- 1.0085858887576749
cx = 1639.141158794379 +/- 1.258397767833815
cy = 1231.594741743426 +/- 1.4914622482687183

Radial Distortion:
k1 = 4.09908224627168 +/- 2.7585225146356964
k2 = 35.84730674005846 +/- 3.3781155899926913
k3 = 37.60607724519017 +/- 28.887834686077188
k4 = 3.9982296395823402 +/- 2.772093408049114
k5 = 33.8599140779221 +/- 2.924028948083418
k6 = 39.59779335466726 +/- 29.382781157078636

Tangential Distortion
p1 = 0.0025416984711357457 /- 0.0004470623868315515
p2 = 0.0018163268923078414 /- 0.00043660926977325844

Thin Prism Distortion:
s1 = -0.0017082857174828712 +/- 0.0006400666902969354
s2 = -7.491904475056592e-05 +/- 0.000510116591626962
s3 = -0.0019588597232287684 +/- 0.0005229629647514764
s4 = -0.0011729405556771305 +/- 0.0004905636990676771

