RMS reprojection error = 0.1613681802663146
sharpness = 4.90923876563708

Camera Matrix:
fx = 2700.2160551145535 +/- 0.5729383565494691
fy = 2699.8899643591158 +/- 0.7113842507290774
cx = 1639.4060655902065 +/- 0.8941992184442622
cy = 1231.8694530814396 +/- 1.022204885016838

Radial Distortion:
k1 = 7.155576708194747 +/- 2.677017183069779
k2 = 36.60064894932042 +/- 2.457099643486711
k3 = 71.81704434439384 +/- 29.079907080532195
k4 = 7.0662709078668 +/- 2.6889136862205163
k5 = 33.926437993928026 +/- 2.132399823106708
k6 = 74.28373372719463 +/- 29.523389065243652

Tangential Distortion
p1 = 0.00252848068098607 /- 0.0003138694397607183
p2 = 0.002004342642672413 /- 0.00031537293137863303

Thin Prism Distortion:
s1 = -0.002099355992562397 +/- 0.00045764330990440084
s2 = 0.0001649559989571091 +/- 0.00035588031530935636
s3 = -0.0017651539688956265 +/- 0.00036844086120284785
s4 = -0.0016150870964832806 +/- 0.00033541360292659153

