RMS reprojection error = 0.22304002338816886
sharpness = 9.5027672290802

Camera Matrix:
fx = 2700.5609322261503 +/- 0.9147829875397241
fy = 2701.6845015628664 +/- 1.0929110191464249
cx = 1636.242379493673 +/- 2.2984737749603537
cy = 1233.1230239417405 +/- 2.4937160070809274

Radial Distortion:
k1 = 0.6225531467048926 +/- 6.854390477388013
k2 = 39.70638347339382 +/- 7.802027717745961
k3 = -22.16928586895775 +/- 129.8543785451527
k4 = 0.5153996884849358 +/- 6.870415697708156
k5 = 38.326806038926506 +/- 8.619823379649898
k6 = -20.121012860086555 +/- 129.32914643656557

Tangential Distortion
p1 = 0.0027487494832616434 /- 0.0007152709980024289
p2 = 0.001187034859959382 /- 0.0007012869942869329

Thin Prism Distortion:
s1 = -0.001574995584562085 +/- 0.0007344193686294753
s2 = 0.0013984423670290094 +/- 0.001963738661356688
s3 = -0.0021428589811274138 +/- 0.0006460380255239322
s4 = -0.00128251426529324 +/- 0.0013209578050369347

