RMS reprojection error = 0.35888435153183185
sharpness = 16.727366065979005

Camera Matrix:
fx = 2701.0187861180507 +/- 1.4013151570135507
fy = 2701.097403112263 +/- 1.6976348787390778
cx = 1639.7344035337908 +/- 3.6414625101150406
cy = 1229.0664349398953 +/- 4.015561917367676

Radial Distortion:
k1 = -1.9398047823845344 +/- 10.315010728195444
k2 = 38.10273206260842 +/- 15.338464024991657
k3 = -37.762764651527974 +/- 231.58400503632348
k4 = -2.053110513208827 +/- 10.333731815736263
k5 = 37.3229614615127 +/- 16.766615652451787
k6 = -36.415288835073696 +/- 229.94190045203462

Tangential Distortion
p1 = 0.0015339165440731797 /- 0.0011505892731831925
p2 = 0.0018060250538332876 /- 0.0011123538258725795

Thin Prism Distortion:
s1 = -0.0021454401216784817 +/- 0.001177523342208456
s2 = 0.0011804909688821771 +/- 0.0031212620267760745
s3 = -0.0012651989755685942 +/- 0.001042178315047498
s4 = -0.000176584465250789 +/- 0.0021184565976004478

