RMS reprojection error = 0.7405291293978439
sharpness = 15.724688196182251

Camera Matrix:
fx = 2701.323039433932 +/- 3.053802947818391
fy = 2700.083657721659 +/- 3.6390589725636766
cx = 1639.1983766749117 +/- 7.491459337848539
cy = 1236.059501437548 +/- 8.048728766080886

Radial Distortion:
k1 = 0.6585535776496481 +/- 17.302054896525103
k2 = 46.52843547763431 +/- 20.955616991894566
k3 = -49.09113563014898 +/- 296.8640522271554
k4 = 0.5659556993891428 +/- 17.356575843450823
k5 = 44.8628916308749 +/- 22.11501760906442
k6 = -46.09244207169622 +/- 296.5059443184227

Tangential Distortion
p1 = 0.004067201499014279 /- 0.002320551457882061
p2 = 0.0016805156773840799 /- 0.002293810430976827

Thin Prism Distortion:
s1 = -0.001977395688152552 +/- 0.0024194244771348844
s2 = -0.001113244502300352 +/- 0.006504242783241135
s3 = -0.0021601277089425964 +/- 0.0021171919276442596
s4 = -0.005407014041380212 +/- 0.004364118704982577

