RMS reprojection error = 0.15530976348990513
sharpness = 4.568602462609609

Camera Matrix:
fx = 2699.993357185443 +/- 0.5379018417699138
fy = 2699.7850681700397 +/- 0.6727079523674346
cx = 1639.1774699025168 +/- 0.8617521402264631
cy = 1231.4153317413522 +/- 0.9841775748474775

Radial Distortion:
k1 = 5.545516226571771 +/- 2.1647040491926686
k2 = 36.572515009453106 +/- 2.3060325470127516
k3 = 53.38060190296113 +/- 23.146440334347897
k4 = 5.4496010700588835 +/- 2.174671946382774
k5 = 34.25275257394736 +/- 1.9914816212522017
k6 = 55.60217184112667 +/- 23.516634707900636

Tangential Distortion
p1 = 0.0024490818008625053 /- 0.0003021254534164328
p2 = 0.002053744096550383 /- 0.000303962863863536

Thin Prism Distortion:
s1 = -0.002247945276804845 +/- 0.00044066863325101967
s2 = 0.00012126595976411586 +/- 0.00034290419430607855
s3 = -0.0018483302266824957 +/- 0.0003546086325105394
s4 = -0.001359261205456726 +/- 0.00032294742745366136

