RMS reprojection error = 0.1274994625461156
sharpness = 1.9827992022037506

Camera Matrix:
fx = 2700.3935021224124 +/- 0.5116913946622582
fy = 2700.6200250300562 +/- 0.6191603910746214
cx = 1638.8101656936965 +/- 1.3211115460620537
cy = 1230.6371809937157 +/- 1.4182605516756037

Radial Distortion:
k1 = 6.013836272299573 +/- 1.2692029732832113
k2 = 33.763693026400986 +/- 2.9874951037096156
k3 = 75.12786852046791 +/- 0.2844347738491416
k4 = 5.917378943840382 +/- 1.277537872351063
k5 = 31.42431103526375 +/- 2.684966531032122
k6 = 76.98100577613812 +/- 0.40385341155371574

Tangential Distortion
p1 = 0.002183446356668101 /- 0.00040648691949087305
p2 = 0.0018159174558483452 /- 0.0004022341116451329

Thin Prism Distortion:
s1 = -0.0019084403124315686 +/- 0.0004197956137426577
s2 = -0.0002028723376650976 +/- 0.001121184565411287
s3 = -0.0015247595025895601 +/- 0.00036814225361192005
s4 = -0.0013217076016954648 +/- 0.0007544551558802095

