RMS reprojection error = 0.12926071192832098
sharpness = 2.2775278985500336

Camera Matrix:
fx = 2700.428665035965 +/- 0.5534027124374375
fy = 2700.6457388872673 +/- 0.6528649472932236
cx = 1638.4617164153296 +/- 1.342511584296572
cy = 1230.2498792247159 +/- 1.4446157996421798

Radial Distortion:
k1 = 3.0867721243430326 +/- 5.0487771238759125
k2 = 39.25230771119023 +/- 5.520093688923573
k3 = 9.533989140397994 +/- 93.45504673571426
k4 = 2.9872005018908143 +/- 5.060603801090947
k5 = 37.35961437438679 +/- 6.172103449820107
k6 = 11.84064057917771 +/- 93.13780718131966

Tangential Distortion
p1 = 0.0021933077702826573 /- 0.00041416991672795915
p2 = 0.0017150351179946203 /- 0.00040881584280066756

Thin Prism Distortion:
s1 = -0.0016911834179166767 +/- 0.00042642821206499357
s2 = 0.0001803570025107602 +/- 0.0011411780947932673
s3 = -0.001695068736557161 +/- 0.00037447072813826465
s4 = -0.0010155253328355774 +/- 0.000765462771239661

