RMS reprojection error = 0.12002366193980102
sharpness = 1.514565795660019

Camera Matrix:
fx = 2699.820178667407 +/- 0.4260160339366322
fy = 2699.9923939025903 +/- 0.5277566898028596
cx = 1638.6405986943084 +/- 0.6445910551577138
cy = 1230.9932937843273 +/- 0.7641541922198906

Radial Distortion:
k1 = 5.800801598213714 +/- 1.75028031965707
k2 = 36.48573885223196 +/- 1.8662339833097419
k3 = 55.14592241197288 +/- 18.484378478315193
k4 = 5.7056540339179165 +/- 1.7585029346638072
k5 = 34.1163196236987 +/- 1.6005702109188769
k6 = 57.422827371212115 +/- 18.790829310875605

Tangential Distortion
p1 = 0.002348902000536456 /- 0.00022905264550585094
p2 = 0.0018252166242590177 /- 0.00022359473468922623

Thin Prism Distortion:
s1 = -0.0020140464229593037 +/- 0.0003278411281701739
s2 = 0.0003333976560601745 +/- 0.0002611864227129691
s3 = -0.001672314082370563 +/- 0.00026784474808317943
s4 = -0.0013536258110322227 +/- 0.0002512254014334735

