RMS reprojection error = 0.20303933865489746
sharpness = 8.490827858448029

Camera Matrix:
fx = 2699.9813420632972 +/- 0.6924822601344326
fy = 2699.866692496679 +/- 0.869986830594737
cx = 1640.371703680318 +/- 1.1369179883063114
cy = 1231.3053307187415 +/- 1.2915183036078675

Radial Distortion:
k1 = 4.632191970011739 +/- 2.4936922096175707
k2 = 36.59446510220612 +/- 3.0567297250839918
k3 = 39.52191831606113 +/- 25.301606177116057
k4 = 4.532155516289085 +/- 2.5055649203381987
k5 = 34.49062786339813 +/- 2.637520434636121
k6 = 41.649846572706934 +/- 25.756549702784284

Tangential Distortion
p1 = 0.0021718400523856036 /- 0.0003955907672135868
p2 = 0.0024677916563010157 /- 0.0003994937708170743

Thin Prism Distortion:
s1 = -0.002578738056973583 +/- 0.000576990849915943
s2 = -0.00022322595723980553 +/- 0.0004521051063950121
s3 = -0.001382193017441565 +/- 0.00046386458164124523
s4 = -0.001251303338328079 +/- 0.0004237477814451142

