RMS reprojection error = 0.3069045721908989
sharpness = 14.480598171552023

Camera Matrix:
fx = 2700.7292280379247 +/- 1.0304795031878276
fy = 2699.2888907249667 +/- 1.2995871661513705
cx = 1637.80806766685 +/- 1.7023440645234953
cy = 1229.5532720193803 +/- 1.9432693760317465

Radial Distortion:
k1 = 3.5805481212652306 +/- 3.261514088434446
k2 = 36.1281064542794 +/- 3.984971272723915
k3 = 33.98236136836246 +/- 34.66207313111087
k4 = 3.484399704340005 +/- 3.2778082466413903
k5 = 34.213723450160366 +/- 3.501819704401058
k6 = 35.931073411209006 +/- 35.23889846545699

Tangential Distortion
p1 = 0.0016231530914131967 /- 0.0005962279351958642
p2 = 0.0016587151179855968 /- 0.0005994391438101342

Thin Prism Distortion:
s1 = -0.0018527304378026825 +/- 0.0008695934487570668
s2 = 0.0006078352985655948 +/- 0.00067811723179055
s3 = -0.0011225090377348231 +/- 0.0007007104756678035
s4 = -0.00021719836831927248 +/- 0.0006381618848772113

