RMS reprojection error = 0.26408655820058463
sharpness = 12.035287141799927

Camera Matrix:
fx = 2700.0581297959543 +/- 1.1722581387943731
fy = 2700.445071039613 +/- 1.369723025382118
cx = 1638.424872736658 +/- 2.718299754115489
cy = 1226.8950528126347 +/- 2.928523067278287

Radial Distortion:
k1 = 5.48215551671077 +/- 11.492790747522767
k2 = 39.65203878542808 +/- 12.758326509089255
k3 = 34.537314173489996 +/- 203.64100536734782
k4 = 5.394423395113003 +/- 11.521981066416632
k5 = 37.19902783318477 +/- 14.290550260671143
k6 = 37.39192809599208 +/- 203.29194434936673

Tangential Distortion
p1 = 0.001709725279528366 /- 0.0008406081882993987
p2 = 0.002080123444729713 /- 0.0008294659727885514

Thin Prism Distortion:
s1 = -0.0024025262498469082 +/- 0.0008687186817055062
s2 = 0.0020413869657365307 +/- 0.0023274751039908236
s3 = -0.0015827774300517534 +/- 0.0007624724403933928
s4 = 0.0005747013910432064 +/- 0.0015616640118606986

