RMS reprojection error = 0.26193487570646595
sharpness = 12.742437918980917

Camera Matrix:
fx = 2701.4281736774356 +/- 1.0585262372022124
fy = 2700.668287830408 +/- 1.2679794294760243
cx = 1638.5959628522353 +/- 1.4567973587144922
cy = 1232.067151165566 +/- 1.6647999177429889

Radial Distortion:
k1 = 16.510283173430096 +/- 8.011180086557866
k2 = 40.61000048474234 +/- 5.308233585272723
k3 = 168.79203148686054 +/- 87.69022356508059
k4 = 16.462168418926716 +/- 8.04611080701985
k5 = 35.81011749641476 +/- 4.7386628171000265
k6 = 172.91550434964583 +/- 88.98801978859399

Tangential Distortion
p1 = 0.0025245810807282463 /- 0.0005103876204433895
p2 = 0.0020091894878527133 /- 0.0005123868878797096

Thin Prism Distortion:
s1 = -0.0019075806197290008 +/- 0.0007432872989666491
s2 = 0.00020013111728777548 +/- 0.0005775930892323672
s3 = -0.0018111344969636931 +/- 0.0005986111871196987
s4 = -0.0014897322058759345 +/- 0.000544376791651171

