RMS reprojection error = 0.1421519446555559
sharpness = 2.9127374410629274

Camera Matrix:
fx = 2700.1084139901245 +/- 0.5663735792055079
fy = 2700.454487665259 +/- 0.6868625956186355
cx = 1638.5788300258323 +/- 1.4834122282409938
cy = 1230.5536674209218 +/- 1.587740416728438

Radial Distortion:
k1 = 4.627535807893711 +/- 1.3482018019438504
k2 = 35.87335939073804 +/- 3.2606404398014344
k3 = 41.656911527521196 +/- 0.2953337818576628
k4 = 4.527411671837197 +/- 1.3571291011142352
k5 = 33.77306826289048 +/- 2.925386737015467
k6 = 43.74487148450515 +/- 0.42020968804316244

Tangential Distortion
p1 = 0.0022753329431766975 /- 0.00045458617369272415
p2 = 0.001862777162997793 /- 0.0004509710291187708

Thin Prism Distortion:
s1 = -0.0019577207739390383 +/- 0.00046906861042497186
s2 = -8.391740650636728e-06 +/- 0.0012531923692271738
s3 = -0.001733653375364836 +/- 0.00041110096107016417
s4 = -0.0014234091960910362 +/- 0.0008419295813782324

