RMS reprojection error = 0.1715277174035199
sharpness = 4.550670991341273

Camera Matrix:
fx = 2699.6049683612796 +/- 0.5933306216162145
fy = 2699.902935201911 +/- 0.7406296864935213
cx = 1638.163154544715 +/- 0.920911432389616
cy = 1230.7455508673413 +/- 1.0916036794551378

Radial Distortion:
k1 = 4.428807573396674 +/- 2.1737104177408826
k2 = 34.95679813904888 +/- 2.501075947157202
k3 = 41.39873912958745 +/- 22.861948175258323
k4 = 4.324392980563658 +/- 2.1839266899003977
k5 = 32.9416240530529 +/- 2.1507382115591964
k6 = 43.37679192308958 +/- 23.243846078706316

Tangential Distortion
p1 = 0.0024856760357085967 /- 0.0003274432816017589
p2 = 0.0017123578649429485 /- 0.0003196910942812574

Thin Prism Distortion:
s1 = -0.0019761247306854645 +/- 0.00046856778638352744
s2 = 0.0004824777164077477 +/- 0.00037371498192542116
s3 = -0.0019064803227414437 +/- 0.00038283353268410696
s4 = -0.0014157125182525407 +/- 0.00035939461051857376

