RMS reprojection error = 0.7184450697118071
sharpness = 15.320794868469239

Camera Matrix:
fx = 2699.081352895323 +/- 2.848495094198719
fy = 2701.00309544304 +/- 3.4591782720028554
cx = 1647.7052957205137 +/- 7.487890827271679
cy = 1222.5873980176675 +/- 7.964805502026097

Radial Distortion:
k1 = 5.33410893848068 +/- 6.809975473695626
k2 = 29.218453023536465 +/- 15.455548178909694
k3 = 78.36133534029526 +/- 1.5434360650695127
k4 = 5.226574293877831 +/- 6.853050515441103
k5 = 27.17801121361484 +/- 13.866834410313688
k6 = 79.76575927491942 +/- 2.214845598733192

Tangential Distortion
p1 = 0.0011631562895870976 /- 0.0022902597575562393
p2 = 0.004634286666690338 /- 0.002277282141737871

Thin Prism Distortion:
s1 = -0.004007963366486501 +/- 0.0023652164828832393
s2 = -0.00716180789589285 +/- 0.006359106056371081
s3 = -0.0005972471419810139 +/- 0.0020810271460186703
s4 = 0.001544040383623905 +/- 0.004234426669838521

