RMS reprojection error = 0.435237737388036
sharpness = 10.564556050300599

Camera Matrix:
fx = 2701.367773313263 +/- 2.0491079766855496
fy = 2701.533182543504 +/- 2.359810337905703
cx = 1639.4651028546257 +/- 4.466748204111121
cy = 1232.476431094846 +/- 4.774687742388686

Radial Distortion:
k1 = 9.456263120225259 +/- 20.044320076104253
k2 = 46.21616680333289 +/- 22.02415229419265
k3 = 56.43772014061167 +/- 349.05817463859114
k4 = 9.401341389490977 +/- 20.1074597666021
k5 = 42.60695982194376 +/- 24.47909377433453
k6 = 60.70711275048037 +/- 348.531564634128

Tangential Distortion
p1 = 0.002627707351281957 /- 0.001374404574378581
p2 = 0.0022390778722826193 /- 0.0013642417497620567

Thin Prism Distortion:
s1 = -0.0025840250617714207 +/- 0.0014278496608371206
s2 = 0.00011561976330765567 +/- 0.003839449761265002
s3 = -0.0015687833293838173 +/- 0.0012503401243238739
s4 = -0.0015862235497433564 +/- 0.0025660538400232046

