RMS reprojection error = 0.1857603449187578
sharpness = 7.261723458766937

Camera Matrix:
fx = 2700.632598507562 +/- 0.6862902709008889
fy = 2700.8546408304746 +/- 0.8428707393269489
cx = 1639.1651939782787 +/- 1.0278940017358345
cy = 1230.9536790987981 +/- 1.177272325064545

Radial Distortion:
k1 = 9.82393149031682 +/- 3.871059325204663
k2 = 36.971880552926876 +/- 2.967883780851539
k3 = 103.14374844979906 +/- 43.19932248743916
k4 = 9.74676582628718 +/- 3.887804599860117
k5 = 33.69542382173201 +/- 2.645863904286406
k6 = 105.99314387394419 +/- 43.804024567277686

Tangential Distortion
p1 = 0.002183191909365138 /- 0.0003617018335609157
p2 = 0.0019206928170348305 /- 0.0003626601040564253

Thin Prism Distortion:
s1 = -0.001985729360472712 +/- 0.0005266709483304946
s2 = 0.00021077170702383334 +/- 0.0004093212815977818
s3 = -0.00144028307112918 +/- 0.0004243408019458862
s4 = -0.0015042061242587247 +/- 0.00038614489868129523

