RMS reprojection error = 0.26116223798388155
sharpness = 12.149015307426453

Camera Matrix:
fx = 2699.9516005931164 +/- 0.98333805560259
fy = 2699.8714080268855 +/- 1.1978747632685538
cx = 1639.1299207471031 +/- 1.406175706822523
cy = 1230.4001403811358 +/- 1.667676342262648

Radial Distortion:
k1 = 9.301186771453834 +/- 5.300434115447145
k2 = 38.756569365841706 +/- 4.826851022315149
k3 = 90.33616642735554 +/- 56.369909475770655
k4 = 9.218912163705962 +/- 5.3242713041907335
k5 = 35.582893411058876 +/- 4.076665897310368
k6 = 93.23329462175096 +/- 57.27899694213956

Tangential Distortion
p1 = 0.0022651371184678306 /- 0.0004989653520941767
p2 = 0.001975444743683569 /- 0.00048715280004100233

Thin Prism Distortion:
s1 = -0.002184430554317949 +/- 0.0007139450562216237
s2 = 0.0003594379353584025 +/- 0.0005668524817125591
s3 = -0.0016646281125893472 +/- 0.0005829696344702206
s4 = -0.0010860643217045544 +/- 0.0005459043222203788

