RMS reprojection error = 0.1943476389811728
sharpness = 7.765547513961792

Camera Matrix:
fx = 2699.782436310105 +/- 0.6829952576905653
fy = 2699.5188636802964 +/- 0.8505436952573946
cx = 1638.9316578837743 +/- 1.0766204339124374
cy = 1230.372758355822 +/- 1.230951798218409

Radial Distortion:
k1 = 6.5770858045844305 +/- 3.1387621329306588
k2 = 35.174974887001284 +/- 2.8500998174671306
k3 = 66.27236993549349 +/- 33.99202997089552
k4 = 6.481567963389142 +/- 3.1523416208615536
k5 = 32.68362321645745 +/- 2.4714675820504133
k6 = 68.58769500762521 +/- 34.51405005480768

Tangential Distortion
p1 = 0.0021236727995669023 /- 0.0003779711016733585
p2 = 0.0020607710778823346 /- 0.00037970985190010243

Thin Prism Distortion:
s1 = -0.002166772143003249 +/- 0.0005511473392645241
s2 = 0.0002274844155825546 +/- 0.0004285335136684612
s3 = -0.0014552171825825719 +/- 0.0004437590903583855
s4 = -0.0008715900273589779 +/- 0.00040389775455846856

