RMS reprojection error = 0.16427173136602147
sharpness = 5.133845229943593

Camera Matrix:
fx = 2700.188944381465 +/- 0.5773822544475641
fy = 2700.107318325401 +/- 0.7189909228135031
cx = 1639.4322327780226 +/- 0.9152622119559521
cy = 1231.378542219626 +/- 1.0427957816000468

Radial Distortion:
k1 = 6.483564859942414 +/- 2.4851171100562017
k2 = 37.77403479726175 +/- 2.6415345312513083
k3 = 59.89645518612775 +/- 25.96388833003196
k4 = 6.391702754108469 +/- 2.4965632557550608
k5 = 35.22533236694894 +/- 2.2645932412382352
k6 = 62.34730244750867 +/- 26.400253935839054

Tangential Distortion
p1 = 0.002125461849932887 /- 0.0003198341163806343
p2 = 0.001831938012383859 /- 0.0003223576443476923

Thin Prism Distortion:
s1 = -0.0018884236000787109 +/- 0.0004665757437348585
s2 = 0.00012119962863315262 +/- 0.0003640387001123344
s3 = -0.0013796445399545383 +/- 0.0003752352570134331
s4 = -0.0013200562333591265 +/- 0.00034215781230858617

