RMS reprojection error = 0.31940074510606853
sharpness = 14.889151430130005

Camera Matrix:
fx = 2701.1449847416334 +/- 1.3180289525515734
fy = 2702.196499961947 +/- 1.5835348683677757
cx = 1638.49423000902 +/- 3.3861010139264796
cy = 1230.2727246700322 +/- 3.603472365830809

Radial Distortion:
k1 = 8.490063181235534 +/- 3.839531624807382
k2 = 37.100258802894025 +/- 8.69650921452891
k3 = 92.53318293540949 +/- 0.8844700489206726
k4 = 8.403559135197293 +/- 3.864095414716373
k5 = 34.157984438032926 +/- 7.79810313641373
k6 = 94.8677320343381 +/- 1.1026982435614394

Tangential Distortion
p1 = 0.0009940648824503283 /- 0.0010298932045867408
p2 = 0.0014354106472784312 /- 0.00102642369656948

Thin Prism Distortion:
s1 = -0.0010754262591201112 +/- 0.0010599375263183036
s2 = -0.001184127183036269 +/- 0.002826576127994136
s3 = -0.0002908489948426042 +/- 0.0009283467488290116
s4 = -6.529246502804163e-05 +/- 0.001894281623214377

