RMS reprojection error = 0.2346729314633377
sharpness = 10.199296375115713

Camera Matrix:
fx = 2699.2956652587786 +/- 0.801987227613272
fy = 2698.917252126903 +/- 1.0065077858436904
cx = 1640.60698485357 +/- 1.3034889859400765
cy = 1229.6550259534056 +/- 1.4859654419507562

Radial Distortion:
k1 = 4.732669377024697 +/- 2.946212429461464
k2 = 36.38580902833015 +/- 3.4389684568803744
k3 = 43.241889736759845 +/- 30.779475647175833
k4 = 4.633262815912586 +/- 2.960125261246469
k5 = 34.253199633753354 +/- 2.970665272280486
k6 = 45.35867349755058 +/- 31.304169474370074

Tangential Distortion
p1 = 0.001907529589641015 /- 0.000456215329562303
p2 = 0.002433127807732338 /- 0.0004596052198598358

Thin Prism Distortion:
s1 = -0.002468818209450262 +/- 0.0006658331980268919
s2 = -0.0005242110851188129 +/- 0.0005188842417644672
s3 = -0.0012020098758649005 +/- 0.0005356969682562624
s4 = -0.0005917543807458195 +/- 0.0004879356634593579

