RMS reprojection error = 0.2947550529225625
sharpness = 14.637175480524698

Camera Matrix:
fx = 2698.9754350948565 +/- 1.0378621973209916
fy = 2699.3447458218366 +/- 1.292305230254876
cx = 1638.1929084106512 +/- 1.6305303437810255
cy = 1231.1777274899414 +/- 1.8681520786841168

Radial Distortion:
k1 = 6.914446661886252 +/- 5.317157500027779
k2 = 32.144999047378676 +/- 4.043511982444114
k3 = 73.09707603567098 +/- 58.388862205937855
k4 = 6.8127967658682715 +/- 5.338098743470813
k5 = 29.69778220247313 +/- 3.5869037044754886
k6 = 75.31304329816881 +/- 59.242541452552175

Tangential Distortion
p1 = 0.0024849846297271085 /- 0.0005733026520165535
p2 = 0.0016426108361357761 /- 0.0005747479147085843

Thin Prism Distortion:
s1 = -0.0017477318137624988 +/- 0.0008355602208228726
s2 = 0.00036448477646307086 +/- 0.0006483088577989784
s3 = -0.0020456901936289494 +/- 0.0006731912830699056
s4 = -0.001233441500344953 +/- 0.0006115691235248753

