RMS reprojection error = 0.47709531317387044
sharpness = 16.187665897866953

Camera Matrix:
fx = 2699.8407854632846 +/- 1.628355803259546
fy = 2698.319728226212 +/- 2.0111232661553773
cx = 1639.9048061524738 +/- 2.696159920976213
cy = 1229.0737126001166 +/- 3.0607001059564816

Radial Distortion:
k1 = 1.6391375825783339 +/- 3.8742840952401343
k2 = 34.67832892036971 +/- 5.658688257802042
k3 = 15.197480316769566 +/- 41.22546649845226
k4 = 1.5333433586628258 +/- 3.8948555456888005
k5 = 33.227781357348775 +/- 5.009536945118618
k6 = 16.758739877684757 +/- 41.923729238773774

Tangential Distortion
p1 = 0.0018515623972431767 /- 0.0009783113049243036
p2 = 0.0024265196383698694 /- 0.0009870752304585312

Thin Prism Distortion:
s1 = -0.002865068135969769 +/- 0.001452256201965743
s2 = 0.0003829387970487338 +/- 0.0010656994984060662
s3 = -0.0009601395196981662 +/- 0.0012058830410503502
s4 = -0.0012639754071989103 +/- 0.001001336703858696

