RMS reprojection error = 0.14852688743460415
sharpness = 3.047628915309906

Camera Matrix:
fx = 2700.770100864903 +/- 0.6601444890619039
fy = 2701.025227423811 +/- 0.7711981395495653
cx = 1639.6908402827255 +/- 1.5533921588413901
cy = 1230.3872106755682 +/- 1.6605247391372109

Radial Distortion:
k1 = 5.551890225144779 +/- 6.985950309953533
k2 = 37.82535492268398 +/- 7.504086590390265
k3 = 39.090874600222584 +/- 123.96079357403879
k4 = 5.458918316228706 +/- 7.002422478773188
k5 = 35.44054601300252 +/- 8.465936098867827
k6 = 41.73208385181203 +/- 123.68419931382464

Tangential Distortion
p1 = 0.0021384156346712533 /- 0.0004757682300528911
p2 = 0.0021446051569990097 /- 0.00047188140787696826

Thin Prism Distortion:
s1 = -0.0021008193168302945 +/- 0.0004903361544994873
s2 = -0.0009569405523814144 +/- 0.0013183126839036
s3 = -0.0015733084364225802 +/- 0.00043047373736044463
s4 = -0.0006510294548130682 +/- 0.0008796624085259616

