RMS reprojection error = 0.5080008696238869
sharpness = 12.513973236083984

Camera Matrix:
fx = 2699.8794413246487 +/- 1.94440848171652
fy = 2699.9663288649176 +/- 2.363427310698823
cx = 1638.740735666625 +/- 2.8386976062890303
cy = 1229.8138908324715 +/- 3.24236549372986

Radial Distortion:
k1 = 12.691508192478397 +/- 14.075716717659603
k2 = 34.58236446777813 +/- 8.796202047745846
k3 = 129.5157099356322 +/- 151.69708949096037
k4 = 12.611974371033938 +/- 14.129861576769056
k5 = 30.851788724563793 +/- 7.904485231513036
k6 = 132.7725428636875 +/- 153.97195966285278

Tangential Distortion
p1 = 0.002217821939429828 /- 0.000991672823984859
p2 = 0.0009821158395340883 /- 0.0009953734054870228

Thin Prism Distortion:
s1 = -4.732600027993853e-05 +/- 0.001442654777788823
s2 = -0.0003832553273967006 +/- 0.0011221587369249443
s3 = -0.001801249315753923 +/- 0.001162377224727266
s4 = -0.0010908968903545892 +/- 0.0010562224980311685

