RMS reprojection error = 0.26098574875190633
sharpness = 12.857178354263306

Camera Matrix:
fx = 2700.93013208123 +/- 1.074240743165678
fy = 2701.9438932496305 +/- 1.2920710651675418
cx = 1637.9955030677627 +/- 2.6882154927278696
cy = 1231.2474032723749 +/- 2.887967517154726

Radial Distortion:
k1 = 8.887353287264503 +/- 3.050396444846855
k2 = 33.46819186929434 +/- 6.608403878903727
k3 = 106.08857068141899 +/- 0.7163078393985437
k4 = 8.803480757689446 +/- 3.0702288009791867
k5 = 30.479444478850727 +/- 5.918569377280709
k6 = 108.55011977736137 +/- 0.9458160411784281

Tangential Distortion
p1 = 0.002482884291038903 /- 0.0008282295460618825
p2 = 0.001985908989865161 /- 0.0008193921274874837

Thin Prism Distortion:
s1 = -0.002591943557711242 +/- 0.0008572011497632281
s2 = 0.0011401991136483294 +/- 0.002298441843407791
s3 = -0.001679165636179751 +/- 0.0007515313969553212
s4 = -0.001065979010849506 +/- 0.0015441332816058058

