RMS reprojection error = 0.15083742541231326
sharpness = 2.6755462090174356

Camera Matrix:
fx = 2699.6828368967276 +/- 0.5474587658089303
fy = 2699.7972672600154 +/- 0.6738478914793153
cx = 1638.7612995824559 +/- 0.8086689940807533
cy = 1230.8253966294094 +/- 0.9593485546891568

Radial Distortion:
k1 = 7.048871668347216 +/- 2.4691159954562014
k2 = 37.82382139005763 +/- 2.5063480321477147
k3 = 67.79060012868261 +/- 26.23311879287498
k4 = 6.960216212714195 +/- 2.4806914344057427
k5 = 35.138927034601515 +/- 2.1405216090367416
k6 = 70.3201882807052 +/- 26.66318801489399

Tangential Distortion
p1 = 0.002357486675124257 /- 0.0002876516657574638
p2 = 0.0018569364461694284 /- 0.00028075337020791257

Thin Prism Distortion:
s1 = -0.002175566033123557 +/- 0.00041190273665326233
s2 = 0.0004213291905278185 +/- 0.0003275025946098081
s3 = -0.0016234976040157053 +/- 0.00033646331886819287
s4 = -0.0015413094112506646 +/- 0.00031529138703576703

