RMS reprojection error = 0.8483109978620104
sharpness = 16.36331377029419

Camera Matrix:
fx = 2702.333669212106 +/- 3.723351333141574
fy = 2702.450580248944 +/- 4.369395730012974
cx = 1641.0447422788602 +/- 9.239004072963048
cy = 1228.607409490766 +/- 9.67099285118441

Radial Distortion:
k1 = 5.338141792986383 +/- 22.790052993668752
k2 = 49.37090581730052 +/- 25.92048898848547
k3 = -81.56485841232283 +/- 195.67952529493854
k4 = 5.255458693895602 +/- 22.878065622328624
k5 = 46.614404544883826 +/- 24.082656967989383
k6 = -75.73980763877223 +/- 198.39522796397625

Tangential Distortion
p1 = 0.0019185598344658762 /- 0.0027558642119894948
p2 = 0.0032337033577974706 /- 0.002779143559450839

Thin Prism Distortion:
s1 = -0.004422048645378449 +/- 0.0028264945858017887
s2 = 0.0030511932916291243 +/- 0.007712474510547947
s3 = -0.0012271039425625812 +/- 0.0024804260912292303
s4 = -0.0010124463974508406 +/- 0.005053735860934429

