RMS reprojection error = 0.12928982476329914
sharpness = 1.8079966952403386

Camera Matrix:
fx = 2700.195846132923 +/- 0.4612338354445558
fy = 2700.2000830173197 +/- 0.5705402798918743
cx = 1638.5450641415237 +/- 0.694736211056395
cy = 1231.1096576717823 +/- 0.8238165004755428

Radial Distortion:
k1 = 6.077226243206755 +/- 1.941571746185346
k2 = 36.51967360882125 +/- 1.9984379252460005
k3 = 58.67722608676316 +/- 20.62692990116672
k4 = 5.984501696591286 +/- 1.9506640179915749
k5 = 34.085224796936224 +/- 1.7179030565411364
k6 = 61.00135623918074 +/- 20.963921365261438

Tangential Distortion
p1 = 0.0024894638522659275 /- 0.0002468184931711218
p2 = 0.0017301972865482167 /- 0.00024078666306975258

Thin Prism Distortion:
s1 = -0.0019245525859587528 +/- 0.00035311806384557724
s2 = 0.0004117448306291205 +/- 0.0002812794440254466
s3 = -0.001941866492512262 +/- 0.00028861071959757474
s4 = -0.0013464579010658343 +/- 0.0002705984906500216

