RMS reprojection error = 0.36743933853872535
sharpness = 12.72414140701294

Camera Matrix:
fx = 2700.8649191926243 +/- 1.5004722313319516
fy = 2701.5545626864714 +/- 1.7947785014887954
cx = 1638.520334976954 +/- 3.766299337436854
cy = 1233.191076672077 +/- 4.055839327671732

Radial Distortion:
k1 = 0.28699953672497935 +/- 9.319952885855542
k2 = 42.721329381916554 +/- 10.759902564733018
k3 = -40.22394589772147 +/- 166.18468052983047
k4 = 0.1843976406834451 +/- 9.345526821236541
k5 = 41.29169807003065 +/- 11.59778450633116
k6 = -37.75310554321057 +/- 165.7812276646991

Tangential Distortion
p1 = 0.0028017445257554046 /- 0.0011669895446837636
p2 = 0.0019884059615103006 /- 0.0011510339766490692

Thin Prism Distortion:
s1 = -0.002038419232690741 +/- 0.0012068547318933214
s2 = -0.0010539445971262176 +/- 0.0032435019561813097
s3 = -0.0022366231199865395 +/- 0.001059104674897831
s4 = -0.0017875726826855143 +/- 0.002172471150770893

