RMS reprojection error = 0.19941632753990476
sharpness = 8.451523518562317

Camera Matrix:
fx = 2700.287502899583 +/- 0.8641867598340087
fy = 2700.5505438192017 +/- 1.0161937363039812
cx = 1637.7087775571968 +/- 2.0629634066186324
cy = 1232.9606642529266 +/- 2.2243704580828565

Radial Distortion:
k1 = 3.7575907413254033 +/- 8.133234991401514
k2 = 40.16492781862646 +/- 9.166056081628799
k3 = 19.775685809441764 +/- 154.65881107081432
k4 = 3.663937696523761 +/- 8.152702800770737
k5 = 38.092665383833136 +/- 10.231013988084396
k6 = 22.147327833851325 +/- 154.0552208277618

Tangential Distortion
p1 = 0.0029011885932061893 /- 0.0006370871613697672
p2 = 0.00116912435281217 /- 0.0006280623046234355

Thin Prism Distortion:
s1 = -0.0011708615994438809 +/- 0.000656878182887664
s2 = 0.0006170733383252287 +/- 0.0017527724961502792
s3 = -0.0020089146503298326 +/- 0.000576495868305518
s4 = -0.002486845271494153 +/- 0.0011784214586567758

