RMS reprojection error = 0.9356860166017942
sharpness = 16.3369092464447

Camera Matrix:
fx = 2703.0562920517955 +/- 3.296589428444804
fy = 2699.241463730235 +/- 4.120568429214269
cx = 1644.559691748052 +/- 9.847666866612949
cy = 1235.647837285689 +/- 11.150893731454863

Radial Distortion:
k1 = -5.08662391803775 +/- 1.3101254989407323
k2 = 39.57617196494123 +/- 13.523189113781651
k3 = -109.39071749985055 +/- 40.475869449816514
k4 = -5.2145485416192185 +/- 1.319126168907169
k5 = 39.446181338313124 +/- 12.911805100290561
k6 = -107.61243767114296 +/- 39.00525271086755

Tangential Distortion
p1 = 0.0017592684490018305 /- 0.0031422705153243335
p2 = 0.003663740586733473 /- 0.0029912438266053846

Thin Prism Distortion:
s1 = -0.0026623702576589804 +/- 0.003113118461773945
s2 = -0.0005806374536302773 +/- 0.008155454416037043
s3 = 0.001109343716714795 +/- 0.00278627940306134
s4 = -0.004935200278200396 +/- 0.00556548620477477

