RMS reprojection error = 0.34288820363197864
sharpness = 15.663924267417507

Camera Matrix:
fx = 2702.104102149068 +/- 1.5365921222934085
fy = 2701.5554231127708 +/- 1.795633409310338
cx = 1637.8394975457563 +/- 3.7582382907521765
cy = 1228.4256759160203 +/- 3.9917146757400674

Radial Distortion:
k1 = 11.459392280436031 +/- 4.784835678971963
k2 = 41.01862378360026 +/- 10.308404333541368
k3 = 113.84829967714933 +/- 1.132143665965349
k4 = 11.400194251723981 +/- 4.817054776998254
k5 = 37.22293844980854 +/- 9.233558976939658
k6 = 117.26531372530303 +/- 1.3884703307199315

Tangential Distortion
p1 = 0.0014199458454377714 /- 0.001153936540366379
p2 = 0.00122506791426301 /- 0.001185414456644807

Thin Prism Distortion:
s1 = -0.0015272114695558836 +/- 0.0012669763908866778
s2 = 0.0016223935615711255 +/- 0.003104985440987541
s3 = -0.0011660580081942053 +/- 0.0010677015009050326
s4 = -0.00023379035532141974 +/- 0.002155991459187098

