RMS reprojection error = 0.2730970115925854
sharpness = 13.02940845489502

Camera Matrix:
fx = 2699.6323137858885 +/- 1.1561581310462425
fy = 2700.163587403289 +/- 1.3687392025894243
cx = 1638.2445057356508 +/- 2.8497314295792355
cy = 1234.1808038374631 +/- 3.0685953128074184

Radial Distortion:
k1 = 2.70128068142048 +/- 12.505756361514665
k2 = 32.68278299483677 +/- 14.137782175523785
k3 = 17.387156381269392 +/- 220.58726030375954
k4 = 2.587376700528411 +/- 12.529436929965474
k5 = 31.108873215918074 +/- 16.005059011687486
k6 = 19.225223186197056 +/- 220.15406401551846

Tangential Distortion
p1 = 0.0029945240279659643 /- 0.0008779308205057977
p2 = 0.0015371440352285846 /- 0.000865331346184057

Thin Prism Distortion:
s1 = -0.002094695819733193 +/- 0.0009004816694217468
s2 = 0.0012860713093738362 +/- 0.002426022321127281
s3 = -0.002047220483121226 +/- 0.0007925136786585494
s4 = -0.0018011105901095258 +/- 0.0016201920382336904

