RMS reprojection error = 0.13254243761711842
sharpness = 2.3766669392585755

Camera Matrix:
fx = 2700.4591513636997 +/- 0.5747728533503983
fy = 2700.593659652355 +/- 0.675680278914904
cx = 1639.797678463127 +/- 1.375051694024068
cy = 1229.8671540201144 +/- 1.4792387859325937

Radial Distortion:
k1 = 3.840392914349682 +/- 5.89965504666902
k2 = 37.53550970602102 +/- 6.809381067663258
k3 = 29.425295829461977 +/- 112.8302803304539
k4 = 3.741829462084948 +/- 5.912625027794991
k5 = 35.537162348717054 +/- 7.639451093765133
k6 = 31.546117842073812 +/- 112.38324159656801

Tangential Distortion
p1 = 0.002087443462820105 /- 0.0004241025678584359
p2 = 0.002100073483631134 /- 0.0004186296017200049

Thin Prism Distortion:
s1 = -0.0020766489366836997 +/- 0.00043696892110340837
s2 = -0.000535699201532844 +/- 0.0011694866868244681
s3 = -0.0016332778611051083 +/- 0.000383877152295495
s4 = -0.0008656654890375001 +/- 0.0007842257510559254

