RMS reprojection error = 0.21247090937904248
sharpness = 9.433604717254639

Camera Matrix:
fx = 2699.8942663878247 +/- 0.7305272070402594
fy = 2699.783116297817 +/- 0.9155357230219789
cx = 1639.1497994295921 +/- 1.1828767065885306
cy = 1231.119491010306 +/- 1.35014560453974

Radial Distortion:
k1 = 5.1511803746909655 +/- 2.874101418995544
k2 = 35.67395388270671 +/- 3.0637104785749907
k3 = 49.308109783691584 +/- 30.546645035025154
k4 = 5.052400225531808 +/- 2.887189331084736
k5 = 33.4771188248347 +/- 2.6485018391183757
k6 = 51.429026713551835 +/- 31.038191737407956

Tangential Distortion
p1 = 0.0022268357298840056 /- 0.00041393285623743766
p2 = 0.0017821991421480608 /- 0.00041647688183462696

Thin Prism Distortion:
s1 = -0.0018256115289941002 +/- 0.0006032390587667922
s2 = 0.0003272835464506355 +/- 0.0004698688035052464
s3 = -0.0015594171728398898 +/- 0.00048552145884872994
s4 = -0.0013813820342468616 +/- 0.00044213765896809016

