RMS reprojection error = 0.1619902425011177
sharpness = 4.9217828750610355

Camera Matrix:
fx = 2699.9197910518424 +/- 0.6761054130233158
fy = 2700.4658639900836 +/- 0.8034417553266092
cx = 1639.9106666190944 +/- 1.6718651776334563
cy = 1230.880492720448 +/- 1.800345532221751

Radial Distortion:
k1 = 1.51984390077716 +/- 5.173980352718783
k2 = 40.89570364290789 +/- 5.811904948981713
k3 = -16.363938552089742 +/- 95.09640581964179
k4 = 1.4183462085438119 +/- 5.186837546912323
k5 = 39.27786921247495 +/- 6.408513144848402
k6 = -14.020569167596868 +/- 94.8063240963932

Tangential Distortion
p1 = 0.0024660936959433814 /- 0.0005167587723355399
p2 = 0.0023238790485163364 /- 0.0005098860606302956

Thin Prism Distortion:
s1 = -0.0024523951402198522 +/- 0.0005333319210345529
s2 = -0.00024440061551437523 +/- 0.0014282677409129866
s3 = -0.0020706694514821622 +/- 0.0004683205252823081
s4 = -0.0011025058726295092 +/- 0.0009575588487905712

