RMS reprojection error = 0.17794795203315347
sharpness = 4.8500461876392365

Camera Matrix:
fx = 2699.4495370549525 +/- 0.6121817504808457
fy = 2699.6998398292762 +/- 0.7654369138784655
cx = 1638.5201951195181 +/- 0.9550297748156077
cy = 1230.699803986925 +/- 1.132998840953257

Radial Distortion:
k1 = 4.187940922818244 +/- 2.2502154644366223
k2 = 33.767096086698515 +/- 2.4973317106561685
k3 = 40.25132482094042 +/- 23.872474778541932
k4 = 4.079816510123781 +/- 2.2604982127125814
k5 = 31.84947837131953 +/- 2.1475077058037333
k6 = 42.12324316433589 +/- 24.261145212151682

Tangential Distortion
p1 = 0.002476587287320201 /- 0.00033981708841879053
p2 = 0.001806059955886415 /- 0.00033152006204327663

Thin Prism Distortion:
s1 = -0.0019956904284127845 +/- 0.00048610132920340473
s2 = 0.00027503420222363113 +/- 0.00038730283732536845
s3 = -0.0019234282625363128 +/- 0.0003972638447033342
s4 = -0.00132105744716938 +/- 0.00037273039121799565

