RMS reprojection error = 0.22934357790171625
sharpness = 9.83945894241333

Camera Matrix:
fx = 2700.6364557184074 +/- 0.9354030113970052
fy = 2700.7760123683192 +/- 1.1267296110261154
cx = 1638.7156630291724 +/- 2.364738302753193
cy = 1230.235207012055 +/- 2.5426432850985123

Radial Distortion:
k1 = 7.863802133543303 +/- 2.5153187897477283
k2 = 33.733769485439176 +/- 5.7062772218004865
k3 = 101.257783793866 +/- 0.5803446818518256
k4 = 7.7754232956401195 +/- 2.531796801423333
k5 = 30.979345582622507 +/- 5.12603761300952
k6 = 103.30729369404607 +/- 0.7898117850045167

Tangential Distortion
p1 = 0.002105260702111924 /- 0.0007294199954522667
p2 = 0.0020769829254803115 /- 0.0007213350754410333

Thin Prism Distortion:
s1 = -0.002199284171638046 +/- 0.000754242032250034
s2 = 0.0008048601283695894 +/- 0.0020143553726544305
s3 = -0.0016774274660966877 +/- 0.0006611596132597764
s4 = -0.0010385622123981091 +/- 0.0013570409181486338

