RMS reprojection error = 0.16825356395430027
sharpness = 5.204515385627746

Camera Matrix:
fx = 2700.235456586986 +/- 0.7085516621245278
fy = 2700.8727763093357 +/- 0.8401597458329669
cx = 1638.419309420518 +/- 1.7514164460848873
cy = 1233.4669529293428 +/- 1.8804503213152886

Radial Distortion:
k1 = 2.241384673018185 +/- 5.560663281871131
k2 = 39.367216934731054 +/- 5.920142767029204
k3 = -14.666811738941654 +/- 91.8273998520108
k4 = 2.139386886744836 +/- 5.574767520030894
k5 = 37.63974253698641 +/- 6.550258662217124
k6 = -12.05480561910895 +/- 91.79084967746186

Tangential Distortion
p1 = 0.0030216072415783254 /- 0.0005384060467385401
p2 = 0.0017735891727052476 /- 0.0005321615125773836

Thin Prism Distortion:
s1 = -0.001927667225169761 +/- 0.000554446068633334
s2 = 0.0006557157383258992 +/- 0.001491721052361877
s3 = -0.0020516225101735053 +/- 0.00048715121161301846
s4 = -0.002661425018665434 +/- 0.0009960199156639209

