RMS reprojection error = 0.10817878279544892
sharpness = 1.628915121157964

Camera Matrix:
fx = 2700.0799556189963 +/- 0.3711804158401782
fy = 2700.020294015428 +/- 0.46548307687969465
cx = 1639.2104746258565 +/- 0.6019669147845464
cy = 1231.378952796982 +/- 0.6860032825981202

Radial Distortion:
k1 = 4.9722903222066845 +/- 1.3888416712873337
k2 = 36.58954454643513 +/- 1.5763032357354434
k3 = 45.77146318953338 +/- 14.541381747061816
k4 = 4.875817104911431 +/- 1.3954135942323067
k5 = 34.38971721090287 +/- 1.3642446150880163
k6 = 47.93905940039424 +/- 14.785793219709149

Tangential Distortion
p1 = 0.002286553476086107 /- 0.00021050554876174833
p2 = 0.00200649302949836 /- 0.00021203179170184292

Thin Prism Distortion:
s1 = -0.0022195384557626334 +/- 0.0003070156458194499
s2 = 0.0003000783875949716 +/- 0.0002398860524924984
s3 = -0.0014989668266167783 +/- 0.00024703973352265484
s4 = -0.0013918567222332206 +/- 0.00022538223940652303

