RMS reprojection error = 0.15388312172171975
sharpness = 4.324204792579015

Camera Matrix:
fx = 2700.3452944771443 +/- 0.5226358755780449
fy = 2700.2134642491155 +/- 0.6573998572511508
cx = 1638.9782974201862 +/- 0.8554244524719192
cy = 1230.7700895238133 +/- 0.9764391314390093

Radial Distortion:
k1 = 4.355349675644666 +/- 1.8793142668358267
k2 = 35.57372258720023 +/- 2.146145898792015
k3 = 41.278366596199604 +/- 20.003099864549288
k4 = 4.254038557862257 +/- 1.8880970307896574
k5 = 33.54374404926878 +/- 1.861286015648041
k6 = 43.26822447651651 +/- 20.325933981549323

Tangential Distortion
p1 = 0.0020176645393700284 /- 0.00029967471279536135
p2 = 0.001982689900046739 /- 0.0003015253213907039

Thin Prism Distortion:
s1 = -0.002073636264090162 +/- 0.000436796656464854
s2 = 0.00029695557155361927 +/- 0.0003405709872257999
s3 = -0.0011727606242495942 +/- 0.0003515671174498687
s4 = -0.0012210004339986555 +/- 0.0003204896617118094

