RMS reprojection error = 0.19068224168653916
sharpness = 7.430798053741455

Camera Matrix:
fx = 2700.0340232296912 +/- 0.655931612280667
fy = 2700.2040048543104 +/- 0.8219036707268279
cx = 1639.718827787498 +/- 1.0633654505533556
cy = 1231.0305653307169 +/- 1.210165441565016

Radial Distortion:
k1 = 5.139896816291783 +/- 2.4857202197457045
k2 = 36.858895787166105 +/- 2.8534151540413943
k3 = 46.11375950933232 +/- 25.72755158014334
k4 = 5.043441286645905 +/- 2.4974751915207642
k5 = 34.620379524281454 +/- 2.462239609744335
k6 = 48.323005344839665 +/- 26.168335766756726

Tangential Distortion
p1 = 0.002062608845324821 /- 0.0003714049814361557
p2 = 0.001951284074261059 /- 0.00037438459406625486

Thin Prism Distortion:
s1 = -0.001928023708637375 +/- 0.0005414837484361266
s2 = 2.8658574069752837e-05 +/- 0.0004239485619680313
s3 = -0.001170208642786306 +/- 0.0004356241991023659
s4 = -0.001353487283599722 +/- 0.0003977912458563276

