RMS reprojection error = 0.23252660113381865
sharpness = 10.569308423995972

Camera Matrix:
fx = 2700.32639964136 +/- 0.8687482715368585
fy = 2700.38586189881 +/- 1.0683657411380056
cx = 1642.129155009442 +/- 2.405990804635771
cy = 1233.209558506427 +/- 2.6227248844894913

Radial Distortion:
k1 = -3.4830026632381563 +/- 2.283141859191567
k2 = 41.03676523216262 +/- 4.033282851352753
k3 = -89.35261459699318 +/- 33.720743370041276
k4 = -3.6019422946062387 +/- 2.291441009801023
k5 = 40.499669026298115 +/- 3.8866860141636694
k6 = -87.34687019249982 +/- 33.719309283535

Tangential Distortion
p1 = 0.0032468197230450494 /- 0.0007503231609570969
p2 = 0.0027802090603810128 /- 0.0007322578307084802

Thin Prism Distortion:
s1 = -0.0023854528534060187 +/- 0.0007649599040861289
s2 = -0.0023747140037604264 +/- 0.0020569936234367124
s3 = -0.002268036433697607 +/- 0.0006775552047762818
s4 = -0.002892768818340869 +/- 0.001374967314456346

