RMS reprojection error = 0.19116889617655536
sharpness = 7.381374025344849

Camera Matrix:
fx = 2700.251894832093 +/- 0.8114732424258161
fy = 2700.29350412217 +/- 0.9597361569815139
cx = 1637.9392041354124 +/- 2.000280425314813
cy = 1230.8506232057953 +/- 2.1345002545189873

Radial Distortion:
k1 = 2.8308894325129588 +/- 5.580085009028431
k2 = 42.7148641479088 +/- 5.693872942398272
k3 = -31.936763262436187 +/- 80.10696320747876
k4 = 2.735589546316608 +/- 5.596828657015097
k5 = 40.73196468611562 +/- 6.069667881958179
k6 = -28.548318585836483 +/- 80.35012967719734

Tangential Distortion
p1 = 0.0025394609270748335 /- 0.0006116497487713188
p2 = 0.0018502734850635494 /- 0.0006074524670775168

Thin Prism Distortion:
s1 = -0.0022029793330449405 +/- 0.0006306794861521058
s2 = 0.0009934022435742129 +/- 0.001702059749749061
s3 = -0.0021159290446920477 +/- 0.0005535147605036402
s4 = -0.001052662753697618 +/- 0.0011324611588470284

