RMS reprojection error = 0.4932495895018275
sharpness = 15.626084486643473

Camera Matrix:
fx = 2700.87292584617 +/- 1.9335646344916988
fy = 2701.9958539776303 +/- 2.3367269469461434
cx = 1638.8810081613235 +/- 2.736437463388274
cy = 1230.3854818508105 +/- 3.118853753122317

Radial Distortion:
k1 = 13.860894073581534 +/- 11.663339397483806
k2 = 46.862573707273256 +/- 10.733648362199355
k3 = 129.5956837411139 +/- 122.16981573241368
k4 = 13.816719592007264 +/- 11.721190954442063
k5 = 42.3957080312045 +/- 9.125600514351207
k6 = 133.7198175321404 +/- 124.25065764416034

Tangential Distortion
p1 = 0.002443420129143705 /- 0.00095803523066756
p2 = 0.0017746950379554586 /- 0.0009655398310159863

Thin Prism Distortion:
s1 = -0.002131054384918355 +/- 0.0013995607731208451
s2 = 0.00019422321020793498 +/- 0.0010918688156387616
s3 = -0.0017481249111398725 +/- 0.0011250238607214242
s4 = -0.001141050204969951 +/- 0.0010256281029695949

