RMS reprojection error = 3.159818593171868
sharpness = 16.504297455151875

Camera Matrix:
fx = 2704.89501632663 +/- 9.08367942355557
fy = 2688.9592914273135 +/- 12.001910847422083
cx = 1639.9060526960789 +/- 16.94665260754154
cy = 1221.5048878355979 +/- 20.099688675308965

Radial Distortion:
k1 = -3.7123554544596336 +/- 4.0012390098698996
k2 = 23.0282432717951 +/- 12.234141284797348
k3 = -27.48737890736331 +/- 47.99753600575143
k4 = -3.846805685272967 +/- 4.023207549074052
k5 = 23.096154824584865 +/- 11.533869769533402
k6 = -27.296659241307047 +/- 48.632903098102986

Tangential Distortion
p1 = 0.004151949578679483 /- 0.006009403615292392
p2 = 0.010106481953151758 /- 0.005778501368219216

Thin Prism Distortion:
s1 = -0.015822374267749025 +/- 0.008529842449854776
s2 = 0.0013846255747824818 +/- 0.00693658190886111
s3 = -0.005860131075541755 +/- 0.0070582829082995865
s4 = -0.002050075253278618 +/- 0.006649427997480682

