RMS reprojection error = 0.8235936694188462
sharpness = 15.839672803878784

Camera Matrix:
fx = 2703.764869147113 +/- 3.311962231339317
fy = 2705.4645436770033 +/- 3.9867243549815705
cx = 1643.7613600726195 +/- 8.7626122927008
cy = 1221.5072709215397 +/- 9.320884256642895

Radial Distortion:
k1 = -0.7262220039170645 +/- 10.352415101355957
k2 = 58.19245087884737 +/- 22.93919581739233
k3 = -124.25364042504886 +/- 143.98481234032897
k4 = -0.8154384107259195 +/- 10.40208494175068
k5 = 56.51211601812699 +/- 21.160524128609865
k6 = -120.04780993426174 +/- 143.46668761929558

Tangential Distortion
p1 = 0.0005525507439882177 /- 0.0026630737278775904
p2 = 0.002391698196656022 /- 0.0026624948324579017

Thin Prism Distortion:
s1 = -0.000753260200860895 +/- 0.002750541181590488
s2 = -0.0031806202146658752 +/- 0.007277607147721032
s3 = 0.00017080694219357676 +/- 0.0024012355031553544
s4 = -0.00023591025109441168 +/- 0.004886773916830446

