RMS reprojection error = 0.8257701298286766
sharpness = 15.343474864959717

Camera Matrix:
fx = 2700.088437370283 +/- 3.2764579933795988
fy = 2697.839665714395 +/- 3.9719890669634994
cx = 1639.6660020353922 +/- 8.71230879138821
cy = 1229.2189434456025 +/- 9.2323192010519

Radial Distortion:
k1 = 5.684747564467537 +/- 8.559535970442493
k2 = 28.052211197679114 +/- 18.84301743191345
k3 = 64.99836244631706 +/- 1.9380254436050526
k4 = 5.566845846417894 +/- 8.609854368767085
k5 = 26.029108715397427 +/- 16.78589341269188
k6 = 66.80297158947194 +/- 2.6076272305292374

Tangential Distortion
p1 = 0.0016802627790678982 /- 0.002643429896898923
p2 = 0.002141093749906658 /- 0.002640881397517345

Thin Prism Distortion:
s1 = -0.0018440533778277077 +/- 0.0027291160701331018
s2 = -0.0005955628281478323 +/- 0.007382071813191467
s3 = -0.0019114095013288517 +/- 0.0023910212873582055
s4 = 0.0033590404675456712 +/- 0.0049182206387377025

