RMS reprojection error = 0.11275935233830012
sharpness = 1.7590384433666866

Camera Matrix:
fx = 2700.387793779791 +/- 0.3949315160880524
fy = 2700.462564212009 +/- 0.4924281494112583
cx = 1638.860671991302 +/- 0.6266020113744505
cy = 1231.2636942579998 +/- 0.7153432332647541

Radial Distortion:
k1 = 6.2460455441428095 +/- 1.6723458789688692
k2 = 37.0768251311781 +/- 1.698105639447527
k3 = 60.34672875550667 +/- 17.849621129458185
k4 = 6.155622825353573 +/- 1.6800586131154733
k5 = 34.58241602636099 +/- 1.4703966683893104
k6 = 62.72333996150991 +/- 18.135650112541107

Tangential Distortion
p1 = 0.0022647423669590063 /- 0.00021943630017391626
p2 = 0.0018799737764258696 /- 0.00022070846905729468

Thin Prism Distortion:
s1 = -0.002035151332063517 +/- 0.0003199331913516673
s2 = 0.0003212621845394671 +/- 0.0002493867034077851
s3 = -0.001451523076682864 +/- 0.00025753058009020966
s4 = -0.0013706517817183264 +/- 0.00023464264556818433

