RMS reprojection error = 0.332127134033585
sharpness = 15.275854070981344

Camera Matrix:
fx = 2700.8399411457403 +/- 1.1901946120273732
fy = 2701.368392822464 +/- 1.4708414387618092
cx = 1637.7506121273705 +/- 1.791471058306808
cy = 1230.7954777338402 +/- 2.120668189509847

Radial Distortion:
k1 = 6.1141372037901105 +/- 4.623690012609448
k2 = 40.46319878601768 +/- 5.58829111013128
k3 = 55.04503586749801 +/- 48.328288287600316
k4 = 6.031667329243395 +/- 4.647493073965282
k5 = 37.875833219019256 +/- 4.821378532074616
k6 = 57.56454722511967 +/- 49.15548800889761

Tangential Distortion
p1 = 0.002638537227559115 /- 0.0006346315881492672
p2 = 0.0016064625215895432 /- 0.0006204468409360027

Thin Prism Distortion:
s1 = -0.0020500604797692727 +/- 0.0009079861395886665
s2 = 0.0008413292132085834 +/- 0.0007242874926125967
s3 = -0.002347966401680614 +/- 0.0007414980629428388
s4 = -0.0012419000796164035 +/- 0.0006957902983807468

