RMS reprojection error = 0.26133673461051854
sharpness = 12.847441911697388

Camera Matrix:
fx = 2699.8572657543355 +/- 0.9019836215150314
fy = 2699.1446624862137 +/- 1.1284640547085334
cx = 1638.7229484245463 +/- 1.4577583819420934
cy = 1230.7734459951207 +/- 1.6586222171696785

Radial Distortion:
k1 = 5.4250371621655145 +/- 3.6202971794371126
k2 = 36.07317891248625 +/- 3.987215943913528
k3 = 49.141796599225856 +/- 37.45625920844668
k4 = 5.3248560038477235 +/- 3.6367498629804973
k5 = 33.81732634189501 +/- 3.418237356519851
k6 = 51.34244635086144 +/- 38.09403226736068

Tangential Distortion
p1 = 0.0021723517771795532 /- 0.000509109444182603
p2 = 0.0017491329329465191 /- 0.0005133192839961509

Thin Prism Distortion:
s1 = -0.001656203141369913 +/- 0.0007422896474718729
s2 = 0.0003001341305519007 +/- 0.0005804630246909268
s3 = -0.0014570650368794869 +/- 0.0005970990151421249
s4 = -0.000794466391851413 +/- 0.0005451249988633958

