RMS reprojection error = 0.1358738839287251
sharpness = 2.431900417804718

Camera Matrix:
fx = 2700.1142250609155 +/- 0.5574823590639022
fy = 2700.345782643436 +/- 0.6655884588803528
cx = 1638.3888854234488 +/- 1.4135218173188617
cy = 1229.8312334408706 +/- 1.526091827802079

Radial Distortion:
k1 = 0.7921356853932415 +/- 4.277584338476471
k2 = 37.73678239173374 +/- 4.7811356989923
k3 = -20.24945746072625 +/- 75.92389668526148
k4 = 0.6825624979471304 +/- 4.287394246526444
k5 = 36.38801459269656 +/- 5.307280029281404
k6 = -18.194994917939628 +/- 75.74182572632569

Tangential Distortion
p1 = 0.0020637349184625658 /- 0.00043717654278048446
p2 = 0.001853912514206154 /- 0.0004298671436439024

Thin Prism Distortion:
s1 = -0.001987363719011942 +/- 0.00044822388953356154
s2 = 0.00019584601762774262 +/- 0.0012011530499751075
s3 = -0.0014712471502876603 +/- 0.00039487264356180513
s4 = -0.00137460836262664 +/- 0.0008048089918740637

