RMS reprojection error = 0.11022058644632883
sharpness = 1.6996210316816966

Camera Matrix:
fx = 2700.0457524021394 +/- 0.37876192976208717
fy = 2700.108951401701 +/- 0.4748180611767864
cx = 1638.8898058538834 +/- 0.6134644974791833
cy = 1231.6049493507803 +/- 0.6991441649862224

Radial Distortion:
k1 = 5.087946955026944 +/- 1.4396624950632557
k2 = 36.41648977363403 +/- 1.6030291768088714
k3 = 47.06965090685876 +/- 15.069302510954145
k4 = 4.99167479329535 +/- 1.4464252871639345
k5 = 34.19844359325657 +/- 1.3871364369916106
k6 = 49.251670106057745 +/- 15.322466719685

Tangential Distortion
p1 = 0.0023417466094078476 /- 0.00021449022230543905
p2 = 0.0018818964434176688 /- 0.00021600713935506156

Thin Prism Distortion:
s1 = -0.0020863022300243116 +/- 0.00031280084081671683
s2 = 0.00040867914908935003 +/- 0.0002444521382481354
s3 = -0.0015396467862553772 +/- 0.0002517189385157549
s4 = -0.0014262959092452188 +/- 0.0002296331113831672

