RMS reprojection error = 0.6630787568134915
sharpness = 13.560162623723349

Camera Matrix:
fx = 2700.087467879149 +/- 2.4090269014135512
fy = 2703.270303879493 +/- 2.9685059701395913
cx = 1639.914377228604 +/- 3.5535086304203243
cy = 1229.9971839482819 +/- 4.19721749824656

Radial Distortion:
k1 = 6.858056551026339 +/- 9.464805710751303
k2 = 43.37927423305898 +/- 12.495561590187002
k3 = 56.553862924192394 +/- 95.32530591077257
k4 = 6.77954597533657 +/- 9.515637673893147
k5 = 40.519663423492354 +/- 10.732717836896779
k6 = 59.37749128147028 +/- 97.11120940916042

Tangential Distortion
p1 = 0.0006846066798364338 /- 0.001262450513717131
p2 = 0.0026197802043453258 /- 0.0012380053316504778

Thin Prism Distortion:
s1 = -0.0037848170400216277 +/- 0.0018121966930351435
s2 = -0.0003434580919872492 +/- 0.001456058988328275
s3 = -0.00011787550112982272 +/- 0.0014766848802723123
s4 = -0.0012079275278930027 +/- 0.0013937335830088331

