RMS reprojection error = 0.811607342533462
sharpness = 15.235308504104614

Camera Matrix:
fx = 2699.2383320542413 +/- 3.151920243416081
fy = 2698.4348678091815 +/- 3.8442579627700857
cx = 1637.2628333308114 +/- 8.46968966615399
cy = 1236.5149922465534 +/- 9.154002674708877

Radial Distortion:
k1 = 5.238860975354393 +/- 7.262265861895391
k2 = 20.08373907075781 +/- 15.768258483142583
k3 = 106.2150864966712 +/- 1.6801297504637944
k4 = 5.1171513803828805 +/- 7.304835970517338
k5 = 18.402167473675593 +/- 14.19271716849164
k6 = 106.7342606644886 +/- 2.4567327218945048

Tangential Distortion
p1 = 0.004150632593217591 /- 0.0026077725794483187
p2 = 0.0022149124417787354 /- 0.0025606959938791808

Thin Prism Distortion:
s1 = -0.002787946774874711 +/- 0.0026691436720942007
s2 = -0.0002063195898487457 +/- 0.007156254243323672
s3 = -0.0029334611732262654 +/- 0.0023568906500739464
s4 = -0.003522534784458678 +/- 0.004802116097275681

