RMS reprojection error = 0.26125330826189974
sharpness = 12.851771116256714

Camera Matrix:
fx = 2699.316078211793 +/- 0.886186593866697
fy = 2699.586921349998 +/- 1.1124953250587324
cx = 1637.2824161300289 +/- 1.4095381257482478
cy = 1231.4936378637801 +/- 1.6724464716964131

Radial Distortion:
k1 = 3.6817674439644663 +/- 3.414705872410972
k2 = 29.760799797730154 +/- 3.1775062431292063
k3 = 38.23307119254857 +/- 36.59727091764104
k4 = 3.5646168492594774 +/- 3.4286979551158256
k5 = 28.10608226393448 +/- 2.756375080471363
k6 = 39.83406938257813 +/- 37.16081638573399

Tangential Distortion
p1 = 0.0025641146780681326 /- 0.0005004583154015263
p2 = 0.001623965906214065 /- 0.0004870120380956657

Thin Prism Distortion:
s1 = -0.0020099749003203242 +/- 0.0007137893197941732
s2 = 0.0006544449053796419 +/- 0.000569795098224594
s3 = -0.0017750474376635526 +/- 0.0005842671987048226
s4 = -0.0014272798044982745 +/- 0.0005478377866992573

