RMS reprojection error = 0.3322940404499838
sharpness = 16.356642723083496

Camera Matrix:
fx = 2701.1475671708426 +/- 1.1932884535480013
fy = 2700.400478003068 +/- 1.4760491940862268
cx = 1637.825536601595 +/- 1.8660891754020033
cy = 1228.0087477185607 +/- 2.121895333552452

Radial Distortion:
k1 = 8.051169877044735 +/- 6.128170997375403
k2 = 35.919180884760536 +/- 5.335460899066176
k3 = 76.48729410531233 +/- 63.986522596525916
k4 = 7.9605957064546455 +/- 6.154182167015528
k5 = 33.11431505857228 +/- 4.57361470410528
k6 = 79.08422863474532 +/- 65.01668004371044

Tangential Distortion
p1 = 0.001515162555392442 /- 0.0006500248321152124
p2 = 0.0017332513303862551 /- 0.0006543179331169841

Thin Prism Distortion:
s1 = -0.0021746856532068658 +/- 0.0009448909170219689
s2 = 0.0007145736146570923 +/- 0.0007414283147189345
s3 = -0.0010788784942259797 +/- 0.0007608716758383999
s4 = -0.0003625579070060004 +/- 0.0006952706800589795

