RMS reprojection error = 0.21703086060658133
sharpness = 9.804984966913858

Camera Matrix:
fx = 2699.1329624781506 +/- 0.7531951976932634
fy = 2699.6159582747855 +/- 0.9394850740610334
cx = 1639.4090825376372 +/- 1.1618871405627897
cy = 1230.4375001840256 +/- 1.3799240984523775

Radial Distortion:
k1 = 4.647008102923692 +/- 2.8990523816874774
k2 = 34.028371593104076 +/- 3.04442536179791
k3 = 45.87456525995369 +/- 31.065147806350517
k4 = 4.5423830454622305 +/- 2.9122480616359545
k5 = 31.991364734691448 +/- 2.6225267257946543
k6 = 47.83229685773653 +/- 31.55918858272166

Tangential Distortion
p1 = 0.002232935976330296 /- 0.00041419740404056255
p2 = 0.0019464094067470107 /- 0.00040364863771598695

Thin Prism Distortion:
s1 = -0.0019145553427166253 +/- 0.0005924743711704599
s2 = -0.00025883619063890595 +/- 0.0004716895878799932
s3 = -0.001785344869278431 +/- 0.0004843583082777818
s4 = -0.0009732140161177323 +/- 0.00045414861689134235

