RMS reprojection error = 0.28877226160349584
sharpness = 13.493127306302389

Camera Matrix:
fx = 2700.234240906794 +/- 0.976795144327637
fy = 2700.7481045863324 +/- 1.2280057024949278
cx = 1640.2938824316952 +/- 1.5582067047005344
cy = 1230.5289423639072 +/- 1.8481218417565326

Radial Distortion:
k1 = 3.209728061401375 +/- 3.1289646491525662
k2 = 33.89967293508745 +/- 3.80923991450431
k3 = 30.451141369222093 +/- 33.21373378824759
k4 = 3.102615096944155 +/- 3.1439986139897957
k5 = 32.17609991324753 +/- 3.313409718087138
k6 = 32.1801388607931 +/- 33.7535360392498

Tangential Distortion
p1 = 0.002089596966476367 /- 0.0005529384133945544
p2 = 0.0020508768029371197 /- 0.0005391460263768902

Thin Prism Distortion:
s1 = -0.0021661903747410495 +/- 0.0007893531986608332
s2 = 9.237550050824819e-06 +/- 0.0006299749444598332
s3 = -0.0014085515060754904 +/- 0.0006454527773695611
s4 = -0.001199952022465795 +/- 0.0006057527224770827

