RMS reprojection error = 0.12688541936882958
sharpness = 1.7536306629578273

Camera Matrix:
fx = 2699.8935742921117 +/- 0.4480655473576329
fy = 2699.983473108712 +/- 0.5558504527314363
cx = 1638.663371259874 +/- 0.6812800865490818
cy = 1231.2470260364378 +/- 0.8076244403421178

Radial Distortion:
k1 = 5.518462964068906 +/- 1.8025340459367354
k2 = 36.10211166693238 +/- 1.9361602480221909
k3 = 52.541751707964124 +/- 19.054134490179734
k4 = 5.421578072615924 +/- 1.8109922761228325
k5 = 33.80559710544271 +/- 1.6622709543196261
k6 = 54.75396113148568 +/- 19.36900610292152

Tangential Distortion
p1 = 0.0023804686676269352 /- 0.0002421633698358288
p2 = 0.00180127608389266 /- 0.0002363656960944952

Thin Prism Distortion:
s1 = -0.001972764290420074 +/- 0.0003465690062719995
s2 = 0.0002720979281382242 +/- 0.0002762119242871122
s3 = -0.0017001460458779076 +/- 0.00028317774779962665
s4 = -0.0014149854755193024 +/- 0.0002656767196619299

