RMS reprojection error = 0.26390281734698373
sharpness = 11.346946930885315

Camera Matrix:
fx = 2698.8739055252654 +/- 1.0082371376358017
fy = 2699.706025340246 +/- 1.2308852798441694
cx = 1636.1646469405318 +/- 2.729133928162648
cy = 1232.1866700130117 +/- 2.9787551355675435

Radial Distortion:
k1 = -2.3561852721463734 +/- 4.824167272090136
k2 = 36.765090854489884 +/- 5.602749530819153
k3 = -60.569999170331336 +/- 81.47172431768618
k4 = -2.4817855385286602 +/- 4.835991944130418
k5 = 36.1592356315281 +/- 5.9249327458033125
k6 = -58.93028178881761 +/- 81.35374682601774

Tangential Distortion
p1 = 0.0021789562032690306 /- 0.0008525869962444563
p2 = 0.0008755210663865766 /- 0.0008321568651261344

Thin Prism Distortion:
s1 = -0.0011232363376481676 +/- 0.000870060638682157
s2 = 0.002150944734375088 +/- 0.0023307020235086126
s3 = -0.0012578994445325968 +/- 0.0007677581579900964
s4 = -0.0011192559399316473 +/- 0.0015665011153108096

