RMS reprojection error = 0.12340523415795746
sharpness = 1.641328031818072

Camera Matrix:
fx = 2699.8578056542965 +/- 0.4317143100941192
fy = 2699.982178144152 +/- 0.5370752863736794
cx = 1638.5390893474428 +/- 0.6631073708016798
cy = 1230.873312954785 +/- 0.7861677969720964

Radial Distortion:
k1 = 5.0084585923769245 +/- 1.659887895041353
k2 = 35.59267516897396 +/- 1.8216662905164285
k3 = 47.66823138798284 +/- 17.538860400842868
k4 = 4.909587669790719 +/- 1.6677117589713963
k5 = 33.42294793520022 +/- 1.5687914830492542
k6 = 49.77948323625239 +/- 17.82932480892535

Tangential Distortion
p1 = 0.002314167268583985 /- 0.00023558181412441782
p2 = 0.0018137300394616021 /- 0.0002298995344530606

Thin Prism Distortion:
s1 = -0.0020167265018549334 +/- 0.00033706234247933505
s2 = 0.00037423447537375586 +/- 0.00026865949638580716
s3 = -0.0017047756712475894 +/- 0.0002754509291081034
s4 = -0.0012938164845891465 +/- 0.0002583881802962089

