RMS reprojection error = 0.16112703130952752
sharpness = 3.457909713188807

Camera Matrix:
fx = 2699.6164112573456 +/- 0.5534496596764988
fy = 2699.665253200305 +/- 0.6922509177441677
cx = 1638.6890884867282 +/- 0.8666270231842866
cy = 1230.8235422402488 +/- 1.027073027072359

Radial Distortion:
k1 = 4.018884853106439 +/- 1.9101264575066752
k2 = 35.03879014853596 +/- 2.2766560792226787
k3 = 37.283847949851264 +/- 20.009432950380077
k4 = 3.9160139656956505 +/- 1.9193364908936639
k5 = 33.102392616531425 +/- 1.9695566878648973
k6 = 39.22264735779697 +/- 20.349874377314247

Tangential Distortion
p1 = 0.0023642553459929895 /- 0.00030757284734944
p2 = 0.00210902394712153 /- 0.000300304082795852

Thin Prism Distortion:
s1 = -0.0025197613635959035 +/- 0.0004401097711615826
s2 = 0.0003454185586807672 +/- 0.000350873869310821
s3 = -0.0017121834448497674 +/- 0.0003596359450321764
s4 = -0.0013210750431494993 +/- 0.0003373509783785248

