RMS reprojection error = 0.2542907854365611
sharpness = 11.71709303855896

Camera Matrix:
fx = 2700.6455024266697 +/- 0.9984522222456625
fy = 2701.810602974536 +/- 1.2155137292146054
cx = 1638.1015023696286 +/- 2.6039831458531326
cy = 1226.470896984962 +/- 2.831397541231652

Radial Distortion:
k1 = 4.413605043380661 +/- 2.1179341413547923
k2 = 31.705034798396273 +/- 5.444999181377013
k3 = 81.10085148110593 +/- 0.46532396531775105
k4 = 4.311266341921872 +/- 2.1323207573431966
k5 = 29.784275120778165 +/- 4.934762720053098
k6 = 82.06913482466267 +/- 0.733114348823958

Tangential Distortion
p1 = 0.0008752643564789606 /- 0.0008121838788742451
p2 = 0.0018812889904227111 /- 0.000795408540096096

Thin Prism Distortion:
s1 = -0.0021058007746041192 +/- 0.0008362956487817978
s2 = 0.0006500345798194458 +/- 0.002215755943592264
s3 = -0.000953818181622602 +/- 0.0007356600333611906
s4 = 0.0008226958067124639 +/- 0.0015029621398505184

