RMS reprojection error = 0.9242461001352963
sharpness = 15.720723009109497

Camera Matrix:
fx = 2698.7716297991565 +/- 3.177040501459219
fy = 2698.4844178484173 +/- 4.011700570002295
cx = 1629.442807193934 +/- 9.050577519110842
cy = 1236.8149369867508 +/- 10.619168985056705

Radial Distortion:
k1 = -5.769004717638983 +/- 0.839616094395095
k2 = 39.89126141232023 +/- 10.98808608282117
k3 = -103.63457290607533 +/- 30.95521255193983
k4 = -5.893524216700349 +/- 0.8391756686096437
k5 = 39.87364247604888 +/- 10.56103881356942
k6 = -102.24957583107394 +/- 29.935684345212962

Tangential Distortion
p1 = 0.003730722205820925 /- 0.0030194071100773188
p2 = 0.0005822868765119391 /- 0.0027891414968625452

Thin Prism Distortion:
s1 = -0.0026588820905605274 +/- 0.0030117978088546322
s2 = 0.006671806408230642 +/- 0.00783432667184013
s3 = -0.002745387901967733 +/- 0.002706111867793648
s4 = 0.0006474217381484382 +/- 0.005442463396345232

