RMS reprojection error = 0.14199165429075117
sharpness = 3.1529516220092773

Camera Matrix:
fx = 2700.1479579256757 +/- 0.5646125468050198
fy = 2700.5239038240456 +/- 0.6846931061115986
cx = 1639.8600348885293 +/- 1.4665438291773087
cy = 1230.3736016708685 +/- 1.5799265515715928

Radial Distortion:
k1 = 5.704129300100427 +/- 1.3388634878446455
k2 = 30.70105751480258 +/- 3.1868693839277946
k3 = 90.23447827432746 +/- 0.30094117691327477
k4 = 5.602277125343613 +/- 1.347582439116023
k5 = 28.537233555107647 +/- 2.8730667647170485
k6 = 91.50816095755769 +/- 0.440859850145138

Tangential Distortion
p1 = 0.0020096881116962893 /- 0.000453000062354168
p2 = 0.0020379988870061192 /- 0.00044686296218321767

Thin Prism Distortion:
s1 = -0.0017924202801702044 +/- 0.0004671860671690509
s2 = -0.0007543104394950516 +/- 0.0012459992140883152
s3 = -0.0014910553524044457 +/- 0.0004102959620039551
s4 = -0.001075131684379755 +/- 0.0008398141817311297

