RMS reprojection error = 0.15689996086876165
sharpness = 4.442237401008606

Camera Matrix:
fx = 2700.47181454349 +/- 0.6921749599967464
fy = 2700.350036452169 +/- 0.8100361915753286
cx = 1639.5122950415052 +/- 1.630583856446294
cy = 1231.4982969880498 +/- 1.744619459864315

Radial Distortion:
k1 = 5.095091566859358 +/- 7.119074636620589
k2 = 37.2227481649339 +/- 7.950412229596201
k3 = 33.65953422530261 +/- 124.83742874633757
k4 = 5.001084336536592 +/- 7.135873864610165
k5 = 34.94112010321098 +/- 8.945727524923132
k6 = 36.29692373381849 +/- 124.63422962767076

Tangential Distortion
p1 = 0.0024686339650256384 /- 0.000500250014165946
p2 = 0.0020596019385474883 /- 0.0004957366724049475

Thin Prism Distortion:
s1 = -0.002000289478257481 +/- 0.000516657091251142
s2 = -0.0008472914046881272 +/- 0.0013908944337575428
s3 = -0.001909095524001243 +/- 0.00045351421930588776
s4 = -0.0014698179849627403 +/- 0.0009281368081009154

