RMS reprojection error = 0.11652817619632574
sharpness = 1.790445903937022

Camera Matrix:
fx = 2700.1902427002733 +/- 0.4100361024730341
fy = 2699.9478162253686 +/- 0.5104131242519707
cx = 1638.515816863984 +/- 0.6480141161956963
cy = 1231.4732361697295 +/- 0.7394516017097158

Radial Distortion:
k1 = 6.602720474009885 +/- 1.823013791153201
k2 = 36.595867674712636 +/- 1.7806965246557611
k3 = 63.87172914568934 +/- 19.407882801712272
k4 = 6.51071698676241 +/- 1.8312001928824282
k5 = 34.0515650032309 +/- 1.5359327141668708
k6 = 66.27403999532302 +/- 19.718150345225943

Tangential Distortion
p1 = 0.002303534424901437 /- 0.000226868633193006
p2 = 0.00181019082917261 /- 0.00022822994402485299

Thin Prism Distortion:
s1 = -0.001996657807099326 +/- 0.00033071941008507515
s2 = 0.0004482106527899447 +/- 0.0002578088673056069
s3 = -0.0014566829279409133 +/- 0.0002661904614295366
s4 = -0.001469267777372652 +/- 0.00024255881048072808

