RMS reprojection error = 0.25099080794201256
sharpness = 11.67881932258606

Camera Matrix:
fx = 2699.6853673691203 +/- 1.019864830600531
fy = 2700.2942911099367 +/- 1.2298775791822871
cx = 1640.0752032713228 +/- 2.5951738924447025
cy = 1229.5451200438267 +/- 2.794469075158604

Radial Distortion:
k1 = 6.953705435244303 +/- 2.6355262045124217
k2 = 36.215318295488316 +/- 6.253165306245812
k3 = 86.83537647478457 +/- 0.5937126652898166
k4 = 6.867032711335543 +/- 2.653168075156906
k5 = 33.59249403995745 +/- 5.631618154354842
k6 = 88.84937766869346 +/- 0.8306431769988768

Tangential Distortion
p1 = 0.0026621204410992192 /- 0.0008002431945405556
p2 = 0.0025871342400225106 /- 0.0007905500134618631

Thin Prism Distortion:
s1 = -0.002850116082042382 +/- 0.0008261820830326083
s2 = 0.0006486067808174657 +/- 0.002196661466294288
s3 = -0.002230496126240306 +/- 0.0007250073980425611
s4 = -0.00044624686530598016 +/- 0.0014818435404212024

