RMS reprojection error = 0.2911970216840392
sharpness = 13.208940267562866

Camera Matrix:
fx = 2700.1460328670278 +/- 1.2028204824059818
fy = 2700.9041541676165 +/- 1.4439619325711162
cx = 1635.012654368091 +/- 3.0233720933684185
cy = 1232.5701501264025 +/- 3.25872050130101

Radial Distortion:
k1 = 8.645175681687807 +/- 3.3823869780472497
k2 = 38.473604626832014 +/- 7.95833636235005
k3 = 102.74546525364167 +/- 0.7736344202019447
k4 = 8.56577842807068 +/- 3.404969931516122
k5 = 35.43000732980443 +/- 7.1643898244326305
k6 = 104.9945432023733 +/- 1.010661310447584

Tangential Distortion
p1 = 0.0022444234234572005 /- 0.0009323725495251844
p2 = 0.0008688696196739638 /- 0.0009212775181332548

Thin Prism Distortion:
s1 = -0.0014930614505111305 +/- 0.0009610639285203218
s2 = 0.0026513207537375585 +/- 0.002545567510748189
s3 = -0.0015995434313605546 +/- 0.000841557510241044
s4 = -0.001791081843632707 +/- 0.001722235560838913

