RMS reprojection error = 0.12137919114757774
sharpness = 1.867074054479599

Camera Matrix:
fx = 2700.5608045690738 +/- 0.48337656168968707
fy = 2700.8640182889253 +/- 0.586233722101163
cx = 1639.688074464276 +/- 1.2621476321650922
cy = 1230.1910840938633 +/- 1.3520517747219631

Radial Distortion:
k1 = 4.391455522404758 +/- 1.1245407201216902
k2 = 36.613672513662564 +/- 2.745522842679831
k3 = 38.76208513837624 +/- 0.2452968995044373
k4 = 4.293623218878188 +/- 1.132121097597312
k5 = 34.526393911495326 +/- 2.4653673715456876
k6 = 40.86841168415682 +/- 0.3563237209996199

Tangential Distortion
p1 = 0.002115759172574118 /- 0.000387397801562493
p2 = 0.0021624118559753535 /- 0.0003839711495684717

Thin Prism Distortion:
s1 = -0.002186690286116401 +/- 0.0004000615933105129
s2 = -0.0003939740804060501 +/- 0.0010687245955925363
s3 = -0.001539586349296223 +/- 0.00035079334914353945
s4 = -0.0012317992209817284 +/- 0.0007183423836363132

