RMS reprojection error = 0.2012828069849847
sharpness = 8.305386980374655

Camera Matrix:
fx = 2701.054993666573 +/- 0.7134651135852053
fy = 2700.4570635611453 +/- 0.8861103311494489
cx = 1639.2698056767842 +/- 1.123637866881407
cy = 1231.5902606714308 +/- 1.2807923993178463

Radial Distortion:
k1 = 7.160675740994143 +/- 3.460770608172518
k2 = 35.034534082396675 +/- 3.012662664385353
k3 = 70.711773176997 +/- 36.9979362134161
k4 = 7.066714222735102 +/- 3.4754785621962676
k5 = 32.431803869092924 +/- 2.6099520755070706
k6 = 73.10832232204231 +/- 37.56751056164831

Tangential Distortion
p1 = 0.0021005613954562445 /- 0.0003927930295389784
p2 = 0.0019606181199609577 /- 0.00039497716328364623

Thin Prism Distortion:
s1 = -0.002061155134198561 +/- 0.000571639089685341
s2 = 0.0003281523993937555 +/- 0.0004472006586388629
s3 = -0.0016189797474578775 +/- 0.0004603158781536185
s4 = -0.001260255997558575 +/- 0.0004203368732354396

