RMS reprojection error = 0.1234794076618312
sharpness = 1.9867153267065685

Camera Matrix:
fx = 2700.5661551075714 +/- 0.43310614195854263
fy = 2700.4436889517956 +/- 0.5396820723951078
cx = 1638.9436166656214 +/- 0.685904385521879
cy = 1231.237005914248 +/- 0.7824319363410559

Radial Distortion:
k1 = 6.277191056800602 +/- 1.794988686209149
k2 = 38.19003667767756 +/- 1.916201239298965
k3 = 59.25038133284882 +/- 19.02645479569452
k4 = 6.188933542581489 +/- 1.8034880211495081
k5 = 35.64738762170001 +/- 1.6556592784222621
k6 = 61.69054698319149 +/- 19.337881819795886

Tangential Distortion
p1 = 0.0023698186393517435 /- 0.0002401800610778615
p2 = 0.001842146895165947 /- 0.00024177179234630312

Thin Prism Distortion:
s1 = -0.0019328202838477379 +/- 0.00035035336044292824
s2 = 0.0003331746395845723 +/- 0.0002732873891970402
s3 = -0.0016463562491871174 +/- 0.0002819324224733231
s4 = -0.0013874330886939957 +/- 0.00025704168568859196

