RMS reprojection error = 0.21016474581698216
sharpness = 8.799229323863983

Camera Matrix:
fx = 2700.357873703015 +/- 0.7208743985831533
fy = 2700.5688703920177 +/- 0.9042226515204511
cx = 1637.7170710958924 +/- 1.1686513375540097
cy = 1230.2845700495793 +/- 1.3320429433931789

Radial Distortion:
k1 = 4.947791155243904 +/- 2.6749600704691163
k2 = 36.84356310630206 +/- 3.0826761826306273
k3 = 45.18147571547883 +/- 27.975613212957416
k4 = 4.851450583643185 +/- 2.6877095828453728
k5 = 34.637979320211414 +/- 2.6671861720545564
k6 = 47.35593617740622 +/- 28.44704158633796

Tangential Distortion
p1 = 0.002012162584991886 /- 0.0004090612111707968
p2 = 0.0014816610970204362 /- 0.0004119962047372668

Thin Prism Distortion:
s1 = -0.0016923276320168286 +/- 0.0005965738542053078
s2 = 0.0009176858501185155 +/- 0.0004665610441501122
s3 = -0.0011971241098436862 +/- 0.00047999947386391094
s4 = -0.0014396783600719076 +/- 0.00043823104462304937

