RMS reprojection error = 0.2806782625388834
sharpness = 14.097802837689718

Camera Matrix:
fx = 2700.617921022054 +/- 0.934453392363772
fy = 2699.909340902749 +/- 1.178956965198536
cx = 1637.9817423473955 +/- 1.5079875125035802
cy = 1231.860009462264 +/- 1.7861422855440265

Radial Distortion:
k1 = 2.245920113390305 +/- 2.449684999586848
k2 = 35.7658370517036 +/- 3.805670853090853
k3 = 17.801028175098214 +/- 25.3522522528226
k4 = 2.1381765273408435 +/- 2.462789393368759
k5 = 34.18114002334292 +/- 3.341022890223815
k6 = 19.486815391276288 +/- 25.80602398466851

Tangential Distortion
p1 = 0.0024544443235987316 /- 0.0005353486122944363
p2 = 0.001514997319286141 /- 0.000523692253102621

Thin Prism Distortion:
s1 = -0.0015320458271167396 +/- 0.0007669383603515868
s2 = 0.000480485479705794 +/- 0.0006114866907134195
s3 = -0.0016140880720852807 +/- 0.0006262127553838548
s4 = -0.0017104801120087017 +/- 0.0005882576803732671

