RMS reprojection error = 0.9146286266917873
sharpness = 15.623206090927123

Camera Matrix:
fx = 2700.561310437686 +/- 3.7646082470244235
fy = 2699.8187406075526 +/- 4.5217294372524295
cx = 1640.2580520633678 +/- 9.377894792463314
cy = 1232.0027129564075 +/- 10.00435347895999

Radial Distortion:
k1 = 9.218829017988375 +/- 10.529414215221827
k2 = 31.139250829097048 +/- 21.95655537407821
k3 = 120.81090307375871 +/- 2.5410663636375657
k4 = 9.138721598089592 +/- 10.59881635455518
k5 = 28.105845809424846 +/- 19.687927115794956
k6 = 123.10845712717331 +/- 3.336588043416068

Tangential Distortion
p1 = 0.0032615552103994693 /- 0.0028798976434272457
p2 = 0.0022875701774561063 /- 0.002855997781522213

Thin Prism Distortion:
s1 = -0.001765652059437914 +/- 0.0029892042706095535
s2 = -0.004690709224857347 +/- 0.00805914801942963
s3 = -0.0021380929127041157 +/- 0.002625136845617008
s4 = -0.0012214470168508142 +/- 0.005386327312534815

