RMS reprojection error = 0.1558322038951545
sharpness = 3.801998515923818

Camera Matrix:
fx = 2700.094095586485 +/- 0.5358648529736751
fy = 2700.164132824682 +/- 0.671729504060858
cx = 1638.8179377359572 +/- 0.8650755804381963
cy = 1230.6378984747205 +/- 0.9896819287144233

Radial Distortion:
k1 = 5.260600614846365 +/- 2.256824325252081
k2 = 33.53665923550801 +/- 2.110659430861927
k3 = 53.79180515602603 +/- 24.539933697161793
k4 = 5.15749673194383 +/- 2.266456356556161
k5 = 31.390782134899542 +/- 1.8372513516562097
k6 = 55.81122596392404 +/- 24.91110155146361

Tangential Distortion
p1 = 0.0021043732214171924 /- 0.00030352164709103647
p2 = 0.0018386798458962313 /- 0.00030473620125428104

Thin Prism Distortion:
s1 = -0.0020641689666572303 +/- 0.00044216445059260684
s2 = 0.0004025957903689211 +/- 0.00034389561014268555
s3 = -0.0014177974164217109 +/- 0.0003561203430294784
s4 = -0.0011267683492456207 +/- 0.0003241298700878822

