RMS reprojection error = 0.24400708219724013
sharpness = 10.153039646148681

Camera Matrix:
fx = 2701.198114350528 +/- 1.0515783618934043
fy = 2701.3537375795004 +/- 1.238486127886574
cx = 1640.0001503180756 +/- 2.5285052608759626
cy = 1229.2133836555897 +/- 2.722314769507954

Radial Distortion:
k1 = 3.528534747951994 +/- 10.522067005468063
k2 = 36.32916174506865 +/- 12.720281098239616
k3 = 24.774340377886638 +/- 195.23506884398395
k4 = 3.4292942100326567 +/- 10.545202173992307
k5 = 34.4172883823876 +/- 14.231318399643877
k6 = 26.93147768199707 +/- 194.65248852539406

Tangential Distortion
p1 = 0.0018391863401931367 /- 0.00078046913304786
p2 = 0.0021292100390636177 /- 0.000768953106320688

Thin Prism Distortion:
s1 = -0.0021070823458865184 +/- 0.000803394296857923
s2 = -0.0007144779611338408 +/- 0.002157187729902799
s3 = -0.0015616513304609091 +/- 0.00070725618828281
s4 = 0.00013761659251041957 +/- 0.0014436123257573778

