RMS reprojection error = 0.2834369393552047
sharpness = 13.763851881027222

Camera Matrix:
fx = 2700.833331782802 +/- 1.1802794530358451
fy = 2700.7541301149404 +/- 1.4035234572512092
cx = 1638.0897205694275 +/- 2.955087748089787
cy = 1231.548290106003 +/- 3.1711044639753667

Radial Distortion:
k1 = 1.6815456748729756 +/- 7.735090824861108
k2 = 40.90337529282838 +/- 8.301647236276516
k3 = -35.18424632385808 +/- 114.781615527369
k4 = 1.5818114877052 +/- 7.757388328934682
k5 = 39.21850980845202 +/- 8.954339801220696
k6 = -32.21889706431357 +/- 115.04009891559278

Tangential Distortion
p1 = 0.002466782720914096 /- 0.0009088349473886037
p2 = 0.0020197343666570697 /- 0.0008974501920593459

Thin Prism Distortion:
s1 = -0.0025166057884783532 +/- 0.0009337748904205428
s2 = 0.0011573052578920783 +/- 0.0025198071924131165
s3 = -0.0018705775404794665 +/- 0.0008222397236698918
s4 = -0.001252810874142633 +/- 0.001678918899733312

