RMS reprojection error = 0.11255838206505761
sharpness = 1.7181098808844883

Camera Matrix:
fx = 2700.2177263782523 +/- 0.38672312508354617
fy = 2700.281946617786 +/- 0.4848557369392965
cx = 1638.9265120426794 +/- 0.626074849244318
cy = 1231.190484650034 +/- 0.7144509292814584

Radial Distortion:
k1 = 5.093469060301351 +/- 1.5021662998352134
k2 = 35.70069787394354 +/- 1.6007398090218738
k3 = 48.760015107216965 +/- 15.950459063245349
k4 = 4.995670386119339 +/- 1.5090669275743236
k5 = 33.50670721636041 +/- 1.387106729952525
k6 = 50.88837808421608 +/- 16.208524601857494

Tangential Distortion
p1 = 0.002213547114936798 /- 0.00021915321087870478
p2 = 0.001925363364031371 /- 0.00022047337479806986

Thin Prism Distortion:
s1 = -0.002167050547509101 +/- 0.00031944129783450343
s2 = 0.00039254510964080333 +/- 0.000249248987838398
s3 = -0.001396151367224097 +/- 0.00025713881149581463
s4 = -0.0013626075601591106 +/- 0.00023441094312631107

