RMS reprojection error = 0.3508382774333787
sharpness = 15.577124238014221

Camera Matrix:
fx = 2700.0937291989417 +/- 1.2121896215160544
fy = 2700.5550527135033 +/- 1.5144598437562866
cx = 1639.6659658407045 +/- 1.879796259210424
cy = 1230.4607300653213 +/- 2.230333904783678

Radial Distortion:
k1 = 4.357605768838677 +/- 4.430546432261525
k2 = 34.4386368344886 +/- 4.8868729056596045
k3 = 42.14934875341627 +/- 47.02753442161333
k4 = 4.254273001874864 +/- 4.451293508794135
k5 = 32.44428095332533 +/- 4.221862558501701
k6 = 44.11214191416543 +/- 47.80409786088017

Tangential Distortion
p1 = 0.0025374204157441924 /- 0.0006691308149896148
p2 = 0.0016286545037679674 /- 0.0006524815830111289

Thin Prism Distortion:
s1 = -0.0014590872910034028 +/- 0.0009577781979135955
s2 = -0.0006169079111085998 +/- 0.0007638753491197697
s3 = -0.0018875927322564137 +/- 0.0007829879989700462
s4 = -0.001750426426829311 +/- 0.0007347727078628252

