RMS reprojection error = 0.22168006511750982
sharpness = 9.685676455497742

Camera Matrix:
fx = 2700.425262519454 +/- 0.8022712697212653
fy = 2700.595250898703 +/- 0.9908641508103054
cx = 1637.6504166054008 +/- 1.2311359964875677
cy = 1231.398265645813 +/- 1.404367200195062

Radial Distortion:
k1 = 8.343886929297238 +/- 3.8575907774249605
k2 = 39.69131763463028 +/- 3.7693453614718413
k3 = 79.09537258689163 +/- 40.725202166222644
k4 = 8.265154526345896 +/- 3.8756181207392735
k5 = 36.658752182602 +/- 3.239121371307038
k6 = 81.95601824427648 +/- 41.39888052081674

Tangential Distortion
p1 = 0.0023946748983371792 /- 0.0004309872981614422
p2 = 0.001337046278164517 /- 0.00043387762557189956

Thin Prism Distortion:
s1 = -0.0011521218735470028 +/- 0.0006289830695154514
s2 = 0.0006856345345598791 +/- 0.0004903892812010444
s3 = -0.0016733671543569238 +/- 0.0005060450768806706
s4 = -0.0012706184256442872 +/- 0.00046110009541649343

