RMS reprojection error = 0.21478649570326558
sharpness = 9.000894212722779

Camera Matrix:
fx = 2699.820045915736 +/- 0.8184788929917781
fy = 2700.547487046136 +/- 1.004831054068822
cx = 1638.8675168533675 +/- 2.2279834489368904
cy = 1230.0946770009853 +/- 2.4118461601860877

Radial Distortion:
k1 = 1.3461182588345098 +/- 1.4578435901749482
k2 = 31.662550059618233 +/- 4.048904506701227
k3 = 25.17635585351472 +/- 0.29438019368669033
k4 = 1.227070189452202 +/- 1.4678420101233964
k5 = 30.436860849394463 +/- 3.6662043473938715
k6 = 26.11635620151773 +/- 0.5133530027566703

Tangential Distortion
p1 = 0.0021638707050713776 /- 0.0006906941876252136
p2 = 0.0016763945260036763 /- 0.000678520409147654

Thin Prism Distortion:
s1 = -0.0016530354133225528 +/- 0.0007084403883472792
s2 = -0.0001319100851735693 +/- 0.001883210439729705
s3 = -0.0013924552088461634 +/- 0.0006231341249454941
s4 = -0.0018370281252199838 +/- 0.0012731401490449976

