np_images/im7.txt: 1.6217451095581055
np_images/im12.txt: 1.386244297027588
np_images/im3.txt: 1.620737910270691
np_images/im4.txt: 1.568402349948883
np_images/im10.txt: 1.3987496495246887
np_images/im14.txt: 1.3990883827209473
np_images/im11.txt: 1.3978340029716492
np_images/im8.txt: 1.396820843219757
np_images/im16.txt: 1.4487155675888062
np_images/im2.txt: 1.5615267157554626
np_images/im1.txt: 1.6105257272720337
np_images/im0.txt: 1.7403607368469238
np_images/im15.txt: 1.3938450813293457
np_images/im13.txt: 1.460429847240448
np_images/im19.txt: 1.5021502375602722
np_images/im6.txt: 1.7978009581565857
np_images/im5.txt: 1.6657946705818176
np_images/im9.txt: 1.4813739657402039
np_images/im18.txt: 1.4905465245246887
np_images/im17.txt: 1.4815433025360107
