RMS reprojection error = 0.6339683323788039

Camera Matrix:
fx = 2639.301176389017 +/- 1.7042757961557515
fy = 2627.193359255329 +/- 1.713613329906645
cx = 1652.2141019997139 +/- 2.3066591469943662
cy = 1190.8570581367364 +/- 2.711368196477087

Radial Distortion:
k1 = 33.09603922574103 +/- 2.6951935693205833
k2 = 2.8740817957437543 +/- 13.165604116744218
k3 = 486.7236026986893 +/- 0.4243317980343514
k4 = 33.07013143066285 +/- 2.7188014289814695
k5 = -2.875467741744779 +/- 12.44181065489124
k6 = 488.06046666878865 +/- 1.1551790992110766

Tangential Distortion
p1 = -0.005017296504467028 /- 0.0005791549583326669
p2 = -0.0005662025110070784 /- 0.00048343735060938454

Thin Prism Distortion:
s1 = 0.0021576851722175873 +/- 0.00046429194429026553
s2 = -0.0006655106257274845 +/- 0.0008197823257161494
s3 = 0.005948144380528923 +/- 0.0005564295510000818
s4 = -0.0004288206691947806 +/- 0.000801563789694268

