RMS reprojection error = 0.6246869222681263

Camera Matrix:
fx = 2637.5867877032806 +/- 2.2305898145013994
fy = 2626.1210593058454 +/- 2.2552978402193835
cx = 1661.3256978438226 +/- 3.3473906309274732
cy = 1187.795603728818 +/- 3.6692687861688147

Radial Distortion:
k1 = 20.0915008165054 +/- 2.2794847324758525
k2 = -1.5857547564822734 +/- 12.020157277702966
k3 = 318.15171571081765 +/- 0.6026526293863653
k4 = 20.016931068667255 +/- 2.298098857531435
k5 = -4.968729073135667 +/- 11.383771544622082
k6 = 318.78140783040345 +/- 1.3033246087219355

Tangential Distortion
p1 = -0.005828457725455943 /- 0.0007696149146002073
p2 = 0.0012197966074242905 /- 0.0007019990556723321

Thin Prism Distortion:
s1 = 0.0006128145751828689 +/- 0.0006770372459521247
s2 = -0.001061262810412328 +/- 0.0011969604504787805
s3 = 0.006091974170044955 +/- 0.0007386654005190145
s4 = 1.262842251580569e-05 +/- 0.0011788411300096393

