RMS reprojection error = 0.5374748239467496

Camera Matrix:
fx = 2637.2231978430364 +/- 3.7635827122670897
fy = 2627.48001562625 +/- 4.02369784619299
cx = 1667.0878804329668 +/- 6.490159525386929
cy = 1170.735479738046 +/- 7.80305384751361

Radial Distortion:
k1 = 33.60617799526788 +/- 7.024314841410672
k2 = -10.197733499697772 +/- 24.84279481737092
k3 = 536.2058618152276 +/- 1.6750876199462752
k4 = 33.55872783222212 +/- 7.0683344118213
k5 = -16.038604326318115 +/- 23.400315430424094
k6 = 536.556239944873 +/- 2.6624534969034706

Tangential Distortion
p1 = -0.00975431478826579 /- 0.0018496770614315568
p2 = 0.002864065355045641 /- 0.0014963920736794324

Thin Prism Distortion:
s1 = -0.002120133150653227 +/- 0.0013276229983229487
s2 = -0.0026633444726228144 +/- 0.0033885412470856845
s3 = 0.009672816650050502 +/- 0.0015992212925360543
s4 = 0.002126656856283079 +/- 0.0026897569551001615

