RMS reprojection error = 0.24555662689442448

Camera Matrix:
fx = 2458.6565656069683 +/- 1.3564887522096085
fy = 2451.7320811144314 +/- 1.5263476251590158
cx = 1598.6670013714377 +/- 3.4974827002527538
cy = 1151.2683299343307 +/- 4.208804046679406

Radial Distortion:
k1 = 1.3672667336317217 +/- 4.2748451862107695
k2 = 6.715980775847605 +/- 3.0567449793133505
k3 = -3.395001986561697 +/- 4.51438202930006
k4 = 1.3579099223402136 +/- 4.281622997999524
k5 = 6.565265031742474 +/- 3.1468153130162473
k6 = -3.1520558511913306 +/- 4.675469273113999

Tangential Distortion
p1 = -0.004737690858573556 /- 0.000814416228337301
p2 = -0.0038807607269435484 /- 0.0006217627126669166

Thin Prism Distortion:
s1 = 0.002566024821399294 +/- 0.0004712621428145582
s2 = 0.0013707094414627014 +/- 0.00041698707558140773
s3 = 0.0059330257973507 +/- 0.0007523239699711821
s4 = -0.0002442978906029459 +/- 0.00037454130147800976

