RMS reprojection error = 0.41218666468960147

Camera Matrix:
fx = 2631.3004233697116 +/- 1.3604603280964938
fy = 2618.0623084283557 +/- 1.4520137954053085
cx = 1655.3587185407675 +/- 1.5380887740379379
cy = 1199.9962111761192 +/- 1.9974358358156414

Radial Distortion:
k1 = 45.16648717734248 +/- 2.0924848969319747
k2 = -17.389738139293847 +/- 10.46553989324286
k3 = 612.4048693949271 +/- 0.42342251108611834
k4 = 45.19524763356788 +/- 2.11499982353542
k5 = -24.685370009833044 +/- 9.8909631455574
k6 = 615.9079340057223 +/- 1.1470184110079535

Tangential Distortion
p1 = -0.0017384398312504051 /- 0.00041892522635333864
p2 = -0.0009179750858087188 /- 0.000298064418115128

Thin Prism Distortion:
s1 = 0.0031146608700393977 +/- 0.0003673658776556442
s2 = -0.0031597094230822525 +/- 0.000544743359199151
s3 = 0.0007963790633390411 +/- 0.000502427737195905
s4 = 0.00025553613864095224 +/- 0.00048094359438608734

