im_lowdist/im12.png: 11.899564027786255
im_lowdist/im2.png: 17.449427604675293
im_lowdist/im9.png: 4.644604682922363
im_lowdist/im20.png: 6.9139182567596436
im_lowdist/im6.png: 9.490980625152588
im_lowdist/im14.png: 15.215418338775635
im_lowdist/im8.png: 10.97420072555542
im_lowdist/im16.png: 18.400506019592285
im_lowdist/im5.png: 14.328497409820557
im_lowdist/im19.png: 15.764920711517334
im_lowdist/im10.png: 4.701348662376404
im_lowdist/im17.png: 13.251671314239502
im_lowdist/im3.png: 14.129269123077393
im_lowdist/im11.png: 10.60240638256073
im_lowdist/im21.png: 6.956655740737915
im_lowdist/im18.png: 12.235185384750366
im_lowdist/im7.png: 19.54141855239868
im_lowdist/im1.png: None
im_lowdist/im15.png: 7.541174411773682
im_lowdist/im4.png: 17.13075876235962
im_lowdist/im13.png: 5.634131908416748
