im2/im12.png: 5.020817160606384
im2/im2.png: 12.2837553024292
im2/im9.png: 9.597662448883057
im2/im24.png: 10.084138870239258
im2/im23.png: 8.630792617797852
im2/im20.png: 5.528674125671387
im2/im6.png: 10.760760068893433
im2/im14.png: 6.072955012321472
im2/im27.png: 5.340311765670776
im2/im8.png: 16.58980941772461
im2/im25.png: 12.53829574584961
im2/im26.png: None
im2/im16.png: 5.34123694896698
im2/im5.png: 15.538593769073486
im2/im28.png: 4.980131030082703
im2/im19.png: 6.2062132358551025
im2/im10.png: 7.038422346115112
im2/im35.png: 4.599409341812134
im2/im17.png: 8.079404592514038
im2/im31.png: 4.939708709716797
im2/im3.png: 20.12390899658203
im2/im22.png: 5.227942585945129
im2/im11.png: 7.360350608825684
im2/im21.png: 5.997815370559692
im2/im18.png: 4.654253721237183
im2/im34.png: 5.13077700138092
im2/im7.png: None
im2/im33.png: 8.981756925582886
im2/im1.png: 12.246655941009521
im2/im15.png: 4.996240258216858
im2/im32.png: 5.761127471923828
im2/im4.png: 23.631752014160156
im2/im30.png: 6.020968914031982
im2/im29.png: 6.2942140102386475
im2/im13.png: None
