im/im12.png: 3.928399085998535
im/im199.png: 5.395644426345825
im/im24.png: 4.98532772064209
im/im899.png: 2.6360971331596375
im/im23.png: 3.8923243284225464
im/im20.png: 2.893035650253296
im/im6.png: 5.700422048568726
im/im14.png: 2.717802107334137
im/im8.png: 5.894308805465698
im/im499.png: 13.402595520019531
im/im25.png: 4.592006087303162
im/im26.png: 3.860262393951416
im/im16.png: 5.520516037940979
im/im5.png: 9.109443664550781
im/im699.png: 5.859779357910156
im/im10.png: 8.80680799484253
im/im22.png: 4.069553852081299
im/im11.png: 2.9899866580963135
im/im21.png: 7.263370752334595
im/im7.png: 3.7186005115509033
im/im4.png: 4.327503323554993
im/im13.png: 4.7355921268463135
