Precentile: 85
RMS reprojection error = 0.5071490300394119

Camera Matrix:
fx = 2635.5965923714994 +/- 0.9053981937387442
fy = 2622.7220265609913 +/- 0.9006436861071917
cx = 1605.7975507013396 +/- 0.33407881662233313
cy = 1218.8205403219097 +/- 0.327258458026257

Radial Distortion:
k1 = 0.08157549659480418 +/- 0.002691137861506995
k2 = 32.990545967045264 +/- 1.1870966961122307
k3 = -1.114186105360337 +/- 0.03493582812887355
k4 = 0.0 +/- 0.0
k5 = 32.05050492703065 +/- 1.151346964913073
k6 = 0.0 +/- 0.0

Tangential Distortion
p1 = 0.0 /- 0.0
p2 = 0.0 /- 0.0

Thin Prism Distortion:
s1 = -0.001084781082856499 +/- 0.0001425509901172977
s2 = 0.003998486674248818 +/- 0.0005030050144113963
s3 = -0.000510041577823751 +/- 0.0001434864102404634
s4 = 0.003033757026761158 +/- 0.00046847050183087196
