Precentile: 15
RMS reprojection error = 0.28452498050631336

Camera Matrix:
fx = 2645.955829536762 +/- 1.6147328993744865
fy = 2631.628352445275 +/- 1.5858031308577851
cx = 1608.365296814874 +/- 0.48272589755690976
cy = 1222.8955253563922 +/- 0.4757000876010413

Radial Distortion:
k1 = 0.07003820821419018 +/- 0.004712167627624018
k2 = 41.097327386682686 +/- 4.392672985090512
k3 = -0.7985837518109474 +/- 0.18676883851105058
k4 = 0.0 +/- 0.0
k5 = 40.04805045389448 +/- 4.321880461026504
k6 = 0.0 +/- 0.0

Tangential Distortion
p1 = 0.0 /- 0.0
p2 = 0.0 /- 0.0

Thin Prism Distortion:
s1 = -0.0006452031722985548 +/- 0.00025328197964319247
s2 = 0.0020797976161727894 +/- 0.0014962255061000053
s3 = -0.0009840941453692707 +/- 0.00024583754191208584
s4 = 0.004085680991978082 +/- 0.0013527226588956134
