Precentile: 60
RMS reprojection error = 0.4756130932795623

Camera Matrix:
fx = 2636.911210851853 +/- 1.0469942735516435
fy = 2624.0601103724803 +/- 1.0396868460164288
cx = 1606.0064889565149 +/- 0.3702902894491329
cy = 1219.6115874423544 +/- 0.36618265321828064

Radial Distortion:
k1 = 0.08177930446447441 +/- 0.0031973636928847473
k2 = 34.162135526175064 +/- 1.6968122260846188
k3 = -0.9982152451847935 +/- 0.04762099872597332
k4 = 0.0 +/- 0.0
k5 = 33.21569511064697 +/- 1.6527235905280073
k6 = 0.0 +/- 0.0

Tangential Distortion
p1 = 0.0 /- 0.0
p2 = 0.0 /- 0.0

Thin Prism Distortion:
s1 = -0.0010810186094789564 +/- 0.00017868002152932126
s2 = 0.0055312013964695025 +/- 0.0007684511310692857
s3 = -0.0007794881901897414 +/- 0.0001740582976351376
s4 = 0.003967477678879679 +/- 0.0006698317050901763
