Precentile: 10
RMS reprojection error = 0.2794312699265251

Camera Matrix:
fx = 2649.040269622476 +/- 1.8974634537150767
fy = 2634.897590278798 +/- 1.858353867892595
cx = 1609.0150980612539 +/- 0.586905313613871
cy = 1225.0302708911652 +/- 0.611271756255853

Radial Distortion:
k1 = 0.06902995868363551 +/- 0.005547391758627435
k2 = 38.31366328775066 +/- 4.5716892064283545
k3 = -1.114125714204162 +/- 0.1800835860115597
k4 = 0.0 +/- 0.0
k5 = 37.24125979431104 +/- 4.489851752541204
k6 = 0.0 +/- 0.0

Tangential Distortion
p1 = 0.0 /- 0.0
p2 = 0.0 /- 0.0

Thin Prism Distortion:
s1 = 0.00011583001275050364 +/- 0.000297850481748362
s2 = -0.001807362409044523 +/- 0.0016710416346458945
s3 = -0.0006641823758960446 +/- 0.00030940785999064905
s4 = 0.001728431989587634 +/- 0.0015689183392463013
