Precentile: 100
RMS reprojection error = 0.626030256339033

Camera Matrix:
fx = 2642.8629881977818 +/- 1.0303207046144358
fy = 2629.968087999228 +/- 1.027322783740754
cx = 1605.6754498102548 +/- 0.3655785055437734
cy = 1217.9970995454057 +/- 0.3608475093539594

Radial Distortion:
k1 = 0.08172783560062777 +/- 0.0030386986747622416
k2 = 33.13075698439405 +/- 1.2721456898928647
k3 = -1.1505464230059372 +/- 0.038793507848978136
k4 = 0.0 +/- 0.0
k5 = 32.17319496351746 +/- 1.2322794334294074
k6 = 0.0 +/- 0.0

Tangential Distortion
p1 = 0.0 /- 0.0
p2 = 0.0 /- 0.0

Thin Prism Distortion:
s1 = -0.0009132022572442065 +/- 0.0001567151297291052
s2 = 0.0032009940726328207 +/- 0.0005220789609654609
s3 = -0.0010176231369341082 +/- 0.0001574125343108073
s4 = 0.003978041450551264 +/- 0.0004885615222128048
