Precentile: 25
RMS reprojection error = 0.3099874323209886

Camera Matrix:
fx = 2638.7004734183165 +/- 1.1981205293527202
fy = 2625.3347869523254 +/- 1.1861530055392768
cx = 1605.0972461472113 +/- 0.4066210493956251
cy = 1220.446161003275 +/- 0.3878089599447878

Radial Distortion:
k1 = 0.07896663635086383 +/- 0.003441743357296574
k2 = 36.29960257553444 +/- 2.127851121396127
k3 = -1.003777523547077 +/- 0.06427010524177475
k4 = 0.0 +/- 0.0
k5 = 35.30407000466315 +/- 2.0779719011537283
k6 = 0.0 +/- 0.0

Tangential Distortion
p1 = 0.0 /- 0.0
p2 = 0.0 /- 0.0

Thin Prism Distortion:
s1 = -0.0009637428787853501 +/- 0.00020291769332922527
s2 = 0.004951413435180666 +/- 0.0009893541843434299
s3 = -0.0006232420189521592 +/- 0.0001882806993420137
s4 = 0.003578858472740886 +/- 0.0008588001833146891
