Precentile: 80
RMS reprojection error = 0.4958444235460931

Camera Matrix:
fx = 2635.521201743461 +/- 0.9134554037831802
fy = 2622.7294566239543 +/- 0.9086487186807777
cx = 1606.6981443816921 +/- 0.3399154406115071
cy = 1219.0252929522974 +/- 0.3337975716079957

Radial Distortion:
k1 = 0.08235089050823798 +/- 0.002722429502134806
k2 = 32.706252807642166 +/- 1.2325844028406854
k3 = -1.0787362800114624 +/- 0.03556271931986522
k4 = 0.0 +/- 0.0
k5 = 31.77375960370395 +/- 1.196318915279913
k6 = 0.0 +/- 0.0

Tangential Distortion
p1 = 0.0 /- 0.0
p2 = 0.0 /- 0.0

Thin Prism Distortion:
s1 = -0.001172382769269259 +/- 0.00014758781846119307
s2 = 0.004471706156844323 +/- 0.000545926965319199
s3 = -0.0004851917818891997 +/- 0.00014751218861988933
s4 = 0.003430766407899948 +/- 0.0004960550464895809
