Precentile: 30
RMS reprojection error = 0.3293450877848424

Camera Matrix:
fx = 2636.666148937242 +/- 1.0976454849048667
fy = 2623.5979835591484 +/- 1.0870498562039745
cx = 1607.7266510483123 +/- 0.37629283722442025
cy = 1219.4198684479447 +/- 0.3630764040959402

Radial Distortion:
k1 = 0.07678026929598196 +/- 0.0033096186806559763
k2 = 36.20264153189038 +/- 2.063097543276141
k3 = -0.97678478775403 +/- 0.06505828671848726
k4 = 0.0 +/- 0.0
k5 = 35.20336956933623 +/- 2.015942858901588
k6 = 0.0 +/- 0.0

Tangential Distortion
p1 = 0.0 /- 0.0
p2 = 0.0 /- 0.0

Thin Prism Distortion:
s1 = -0.0003773905265212533 +/- 0.0001905396563587754
s2 = 0.004686897867291372 +/- 0.000952809516311448
s3 = -0.0010285539315976547 +/- 0.00017709375606062323
s4 = 0.005879082514560861 +/- 0.0008133735482699386
