Precentile: 90
RMS reprojection error = 0.5384827342002769

Camera Matrix:
fx = 2637.6742757358643 +/- 0.9353249122050807
fy = 2624.9699549095835 +/- 0.9320634238058121
cx = 1606.0574818201471 +/- 0.3421078526810545
cy = 1218.6498236867124 +/- 0.3344921395892297

Radial Distortion:
k1 = 0.08141605814927771 +/- 0.0027769492820238786
k2 = 33.434109507661546 +/- 1.2061630965872971
k3 = -1.1249502659695252 +/- 0.03564864597930165
k4 = 0.0 +/- 0.0
k5 = 32.4775719251068 +/- 1.1693530285192875
k6 = 0.0 +/- 0.0

Tangential Distortion
p1 = 0.0 /- 0.0
p2 = 0.0 /- 0.0

Thin Prism Distortion:
s1 = -0.0011663023828164486 +/- 0.00014590430582784493
s2 = 0.003863126598149966 +/- 0.0005004426787237861
s3 = -0.000656610913655078 +/- 0.00014578346653134673
s4 = 0.0031417934551321762 +/- 0.00046760666298231637
