Precentile: 35
RMS reprojection error = 0.3251430583219045

Camera Matrix:
fx = 2634.9457484845475 +/- 0.953537354426366
fy = 2621.9020470822234 +/- 0.9431106192501121
cx = 1607.9125070074938 +/- 0.34045887570349087
cy = 1219.8536407735019 +/- 0.33494997841108815

Radial Distortion:
k1 = 0.07700965983284515 +/- 0.0030106150070185167
k2 = 35.995346715389395 +/- 1.8848423446687061
k3 = -0.9814698624659238 +/- 0.05961254571448694
k4 = 0.0 +/- 0.0
k5 = 35.000015231276386 +/- 1.8420563498450464
k6 = 0.0 +/- 0.0

Tangential Distortion
p1 = 0.0 /- 0.0
p2 = 0.0 /- 0.0

Thin Prism Distortion:
s1 = -0.0002042125508628535 +/- 0.00017268998120045225
s2 = 0.004079150009991968 +/- 0.0008468945500467623
s3 = -0.0008580282276595782 +/- 0.00016399618613665117
s4 = 0.00519644427954484 +/- 0.0007279397311558823
