Precentile: 70
RMS reprojection error = 0.49544398273294166

Camera Matrix:
fx = 2635.6941777150196 +/- 0.9799903425945959
fy = 2622.7727691563036 +/- 0.9733390805273747
cx = 1606.7215036673206 +/- 0.3577401587736984
cy = 1218.836243873252 +/- 0.35245813324786546

Radial Distortion:
k1 = 0.0815075655150385 +/- 0.0029015001903609115
k2 = 32.52858675061918 +/- 1.3395054686527215
k3 = -1.0743133150511377 +/- 0.039075751157435196
k4 = 0.0 +/- 0.0
k5 = 31.595665128552604 +/- 1.300731190630752
k6 = 0.0 +/- 0.0

Tangential Distortion
p1 = 0.0 /- 0.0
p2 = 0.0 /- 0.0

Thin Prism Distortion:
s1 = -0.0010045847778460443 +/- 0.00015967746969242744
s2 = 0.0037483301650945407 +/- 0.0006184841687216688
s3 = -0.0006348896430595545 +/- 0.00015833390835529515
s4 = 0.0037088366056562535 +/- 0.0005567225399413039
