Precentile: 95
RMS reprojection error = 0.5464046869081622

Camera Matrix:
fx = 2637.803662638904 +/- 0.9236667699096636
fy = 2625.243068069019 +/- 0.9208077314396805
cx = 1605.5470244981032 +/- 0.32864836030700795
cy = 1217.022340222733 +/- 0.3240458356392942

Radial Distortion:
k1 = 0.08275831674436655 +/- 0.0027096689570124057
k2 = 32.570417769909206 +/- 1.1385281095111552
k3 = -1.122398714900218 +/- 0.03451127410422262
k4 = 0.0 +/- 0.0
k5 = 31.633727114735596 +/- 1.1030069662849535
k6 = 0.0 +/- 0.0

Tangential Distortion
p1 = 0.0 /- 0.0
p2 = 0.0 /- 0.0

Thin Prism Distortion:
s1 = -0.0013058965131500877 +/- 0.00014093855104768815
s2 = 0.0038053945942446835 +/- 0.00047318404185017244
s3 = -0.0008867807532273106 +/- 0.00014174780889498852
s4 = 0.004341193277666237 +/- 0.00044468327238299693
