Precentile: 55
RMS reprojection error = 0.423342461122746

Camera Matrix:
fx = 2636.3342952413577 +/- 1.0020239299826015
fy = 2622.9542426871394 +/- 0.9924846472613184
cx = 1606.357002974932 +/- 0.3525331605771595
cy = 1219.9053388221762 +/- 0.34867926594031295

Radial Distortion:
k1 = 0.07939849639890172 +/- 0.002968453033021449
k2 = 34.584964930045075 +/- 1.5843177095787964
k3 = -1.032815292122203 +/- 0.044700629602080384
k4 = 0.0 +/- 0.0
k5 = 33.62379168030454 +/- 1.5433369453079797
k6 = 0.0 +/- 0.0

Tangential Distortion
p1 = 0.0 /- 0.0
p2 = 0.0 /- 0.0

Thin Prism Distortion:
s1 = -0.0007815530102732179 +/- 0.00016835819519909174
s2 = 0.005347128245916135 +/- 0.0007238304639138484
s3 = -0.00043531373222804653 +/- 0.00016321035745113968
s4 = 0.0030326656040659964 +/- 0.0006259570821025302
