Precentile: 5
RMS reprojection error = 0.24137804637521337

Camera Matrix:
fx = 2656.1218341085378 +/- 2.918627619127808
fy = 2640.4636372384093 +/- 2.9018588350107417
cx = 1609.1517076711982 +/- 0.8932696643056158
cy = 1224.2722439085308 +/- 0.7875518935493202

Radial Distortion:
k1 = 0.07654744665392113 +/- 0.00838605291202372
k2 = 40.296965116237374 +/- 8.271541959178785
k3 = -0.9050783628799552 +/- 0.35744118882681675
k4 = 0.0 +/- 0.0
k5 = 39.239940033697195 +/- 8.137787422365944
k6 = 0.0 +/- 0.0

Tangential Distortion
p1 = 0.0 /- 0.0
p2 = 0.0 /- 0.0

Thin Prism Distortion:
s1 = -0.0004896063572296782 +/- 0.00042429610617807366
s2 = 0.0013848851729219972 +/- 0.0030158988770955016
s3 = -0.0003892915470527077 +/- 0.000402066600926273
s4 = 0.00519651704598383 +/- 0.0023710621403962707
