Precentile: 20
RMS reprojection error = 0.3089900189094707

Camera Matrix:
fx = 2638.5363402780217 +/- 1.3131077516865548
fy = 2624.995419730371 +/- 1.2961264092538483
cx = 1605.9303842247427 +/- 0.4507734596335434
cy = 1220.5254193013818 +/- 0.4296066080044555

Radial Distortion:
k1 = 0.07648467458495714 +/- 0.0037877407262255397
k2 = 34.08590650961199 +/- 2.2265555245648008
k3 = -1.1631531671113695 +/- 0.06861557622810256
k4 = 0.0 +/- 0.0
k5 = 33.11566858163538 +/- 2.171996828818764
k6 = 0.0 +/- 0.0

Tangential Distortion
p1 = 0.0 /- 0.0
p2 = 0.0 /- 0.0

Thin Prism Distortion:
s1 = -0.0011017999924254843 +/- 0.00023204678804423053
s2 = 0.0034415878608023203 +/- 0.0012524291149286447
s3 = -0.0008321635927145838 +/- 0.00021126801124069907
s4 = 0.002272956906665215 +/- 0.0009852711835818034
