Precentile: 40
RMS reprojection error = 0.3664069581227664

Camera Matrix:
fx = 2638.1456248443496 +/- 1.029702169830039
fy = 2624.462154172743 +/- 1.016735660717978
cx = 1607.7222631991647 +/- 0.367667134330642
cy = 1220.9356355228067 +/- 0.36047305509801914

Radial Distortion:
k1 = 0.07628516766176395 +/- 0.0031862561893028648
k2 = 36.139319258761574 +/- 1.923593286350198
k3 = -1.100912127967418 +/- 0.05696782111841443
k4 = 0.0 +/- 0.0
k5 = 35.123318612560496 +/- 1.8782903740752286
k6 = 0.0 +/- 0.0

Tangential Distortion
p1 = 0.0 /- 0.0
p2 = 0.0 /- 0.0

Thin Prism Distortion:
s1 = -0.00019929850536534095 +/- 0.00017647029531116056
s2 = 0.0007892380522137143 +/- 0.0008117566614590382
s3 = -0.0003865389529425518 +/- 0.00017080834765372368
s4 = 0.00332778815049967 +/- 0.0007222160124941536
