Precentile: 65
RMS reprojection error = 0.48379073070171147

Camera Matrix:
fx = 2635.500291461913 +/- 0.9896715536946127
fy = 2622.7447483294354 +/- 0.9831676719414636
cx = 1606.303301315975 +/- 0.36173330262549885
cy = 1218.4287318828356 +/- 0.3570878832464818

Radial Distortion:
k1 = 0.08119350590139968 +/- 0.0030072814119972676
k2 = 33.09713618735458 +/- 1.4935878690069129
k3 = -1.0237104273254514 +/- 0.04275986889240603
k4 = 0.0 +/- 0.0
k5 = 32.16205630369783 +/- 1.4529659265250428
k6 = 0.0 +/- 0.0

Tangential Distortion
p1 = 0.0 /- 0.0
p2 = 0.0 /- 0.0

Thin Prism Distortion:
s1 = -0.001254954567239017 +/- 0.00017022768811720133
s2 = 0.005277420980739864 +/- 0.0007054457300642175
s3 = -0.0008455673549752326 +/- 0.00016717619535765892
s4 = 0.003659290004005129 +/- 0.000614924239261595
