Precentile: 45
RMS reprojection error = 0.3838909125839522

Camera Matrix:
fx = 2637.4961531504473 +/- 1.0189305502276231
fy = 2623.9815258702124 +/- 1.0075334950384967
cx = 1607.3186003698686 +/- 0.36015961269288177
cy = 1219.939375434666 +/- 0.3546248515716949

Radial Distortion:
k1 = 0.07500523314692263 +/- 0.0031535004302242786
k2 = 36.54622030768983 +/- 1.9406954857541279
k3 = -1.0815277611097704 +/- 0.058339816660927926
k4 = 0.0 +/- 0.0
k5 = 35.52059676237036 +/- 1.8959536262542251
k6 = 0.0 +/- 0.0

Tangential Distortion
p1 = 0.0 /- 0.0
p2 = 0.0 /- 0.0

Thin Prism Distortion:
s1 = -0.00021299395836582593 +/- 0.0001747296789512973
s2 = 0.0018928850396922202 +/- 0.0008072881295040556
s3 = -0.0005360914140393379 +/- 0.0001691064057034356
s4 = 0.004478031221937982 +/- 0.0007179060202409743
