Precentile: 50
RMS reprojection error = 0.38642446087783694

Camera Matrix:
fx = 2637.1164591530364 +/- 0.9431931970331522
fy = 2623.581871417628 +/- 0.9329955430948007
cx = 1606.6483358492953 +/- 0.33766183462148686
cy = 1219.9115067406572 +/- 0.3342785496946785

Radial Distortion:
k1 = 0.07344582179919379 +/- 0.0029946838575996833
k2 = 37.39343959359704 +/- 1.8147722497228354
k3 = -1.0342978521676998 +/- 0.05141116058310879
k4 = 0.0 +/- 0.0
k5 = 36.357964405644175 +/- 1.7724781945522388
k6 = 0.0 +/- 0.0

Tangential Distortion
p1 = 0.0 /- 0.0
p2 = 0.0 /- 0.0

Thin Prism Distortion:
s1 = -0.0005856491882551356 +/- 0.00016183135461159194
s2 = 0.004106288313253129 +/- 0.0007000902710800123
s3 = -0.00040423817949545855 +/- 0.00015798109174967924
s4 = 0.003366839649824252 +/- 0.0006443640920619984
