np_images/im7.txt: 1.6921048164367676
np_images/im12.txt: 1.407789945602417
np_images/im3.txt: 1.7714135646820068
np_images/im4.txt: 1.6555312275886536
np_images/im10.txt: 1.4630869030952454
np_images/im14.txt: 1.3691891431808472
np_images/im11.txt: 1.3882532119750977
np_images/im8.txt: 1.3900858759880066
np_images/im16.txt: 1.5166062712669373
np_images/im2.txt: 1.5503500699996948
np_images/im1.txt: 1.5977402925491333
np_images/im0.txt: 1.4837880730628967
np_images/im15.txt: 1.3555579781532288
np_images/im13.txt: 1.4631638526916504
np_images/im19.txt: 1.4598538279533386
np_images/im6.txt: 1.6946173310279846
np_images/im5.txt: 1.6110214591026306
np_images/im9.txt: 1.431512475013733
np_images/im18.txt: 1.4228873252868652
np_images/im17.txt: 1.4694198966026306
