Precentile: 10
RMS reprojection error = 0.170464526099106

Camera Matrix:
fx = 2643.479053422668 +/- 2.122429994696605
fy = 2629.727126029114 +/- 2.1232029648244026
cx = 1607.385532494539 +/- 0.8226571787655746
cy = 1225.194964432638 +/- 0.9115017964412203

Radial Distortion:
k1 = 0.05957426893407822 +/- 0.005796922231918539
k2 = 44.67689442891871 +/- 3.9805800171834176
k3 = -1.4005458673492455 +/- 0.1272861847153079
k4 = 0.0 +/- 0.0
k5 = 43.45769579661296 +/- 3.897150846076692
k6 = 0.0 +/- 0.0

Tangential Distortion
p1 = 0.0 /- 0.0
p2 = 0.0 /- 0.0

Thin Prism Distortion:
s1 = -0.0005302921243747628 +/- 0.0002920887744747715
s2 = -0.0017798592510615877 +/- 0.001578084535244732
s3 = 5.411659744972499e-05 +/- 0.00028239177895686196
s4 = 0.001311885812978745 +/- 0.0013039900003813693
