Precentile: 90
RMS reprojection error = 0.2711800242238279

Camera Matrix:
fx = 2634.8240431063123 +/- 0.7504122050051246
fy = 2622.4559506060136 +/- 0.7460641485456888
cx = 1603.2923247846684 +/- 0.23505578939278923
cy = 1220.510142758044 +/- 0.23080960840242737

Radial Distortion:
k1 = 0.07197282549114646 +/- 0.002214367769032403
k2 = 36.14248708935983 +/- 0.7198276219303504
k3 = -1.3111286568551488 +/- 0.029704438313793168
k4 = 0.0 +/- 0.0
k5 = 35.09931306787958 +/- 0.6933002781468447
k6 = 0.0 +/- 0.0

Tangential Distortion
p1 = 0.0 /- 0.0
p2 = 0.0 /- 0.0

Thin Prism Distortion:
s1 = -0.0006971490680687758 +/- 7.356220528991407e-05
s2 = 0.0020527032008098747 +/- 0.0001881376262028653
s3 = -0.0007433019899954655 +/- 8.5489766272459e-05
s4 = 0.0020190727119283173 +/- 0.00019305488318648674
