Precentile: 45
RMS reprojection error = 0.32014335698041363

Camera Matrix:
fx = 2638.001680665515 +/- 1.3808655344730467
fy = 2625.6581554189115 +/- 1.3693366450676778
cx = 1603.3529060130857 +/- 0.42643452079817856
cy = 1220.142120117081 +/- 0.4248283995710714

Radial Distortion:
k1 = 0.0676346585379492 +/- 0.003519461487381817
k2 = 37.67547002118207 +/- 1.3457481839769148
k3 = -1.380524137207817 +/- 0.04955810352581482
k4 = 0.0 +/- 0.0
k5 = 36.588082790259186 +/- 1.3009923178211378
k6 = 0.0 +/- 0.0

Tangential Distortion
p1 = 0.0 /- 0.0
p2 = 0.0 /- 0.0

Thin Prism Distortion:
s1 = -0.000641613069781083 +/- 0.00015267102539708537
s2 = 0.002561886591723666 +/- 0.0004863833109023326
s3 = -0.0012547648924002086 +/- 0.0001627438172960725
s4 = 0.0038122528759850197 +/- 0.00043271133426847354
