Precentile: 95
RMS reprojection error = 0.2713890249100555

Camera Matrix:
fx = 2634.557353321089 +/- 0.7247959023581128
fy = 2622.2017945142397 +/- 0.7207808016869958
cx = 1603.3723289517445 +/- 0.2275117296834211
cy = 1220.7089449871198 +/- 0.2247695263708202

Radial Distortion:
k1 = 0.07234256402901136 +/- 0.002164757772743849
k2 = 35.892288167992504 +/- 0.6967342073096674
k3 = -1.3070570576155003 +/- 0.02900432334525596
k4 = 0.0 +/- 0.0
k5 = 34.856096175534745 +/- 0.6709013196197432
k6 = 0.0 +/- 0.0

Tangential Distortion
p1 = 0.0 /- 0.0
p2 = 0.0 /- 0.0

Thin Prism Distortion:
s1 = -0.0007652775356793118 +/- 7.119741106153171e-05
s2 = 0.0021432734144193125 +/- 0.00017999327960515517
s3 = -0.0006836637437205894 +/- 8.30208620266667e-05
s4 = 0.00178774293398471 +/- 0.00018466789270232107
