Precentile: 70
RMS reprojection error = 0.2846044965581746

Camera Matrix:
fx = 2637.014479212268 +/- 0.9635336145834366
fy = 2624.5982758676037 +/- 0.9567906486972977
cx = 1603.3607299673358 +/- 0.29246008879246044
cy = 1220.4946048231877 +/- 0.2882641934400654

Radial Distortion:
k1 = 0.07071474523399662 +/- 0.0025788733583414106
k2 = 36.813585214330544 +/- 0.8857208024106645
k3 = -1.320817239868717 +/- 0.03487185555960816
k4 = 0.0 +/- 0.0
k5 = 35.754889871344304 +/- 0.8541791831484179
k6 = 0.0 +/- 0.0

Tangential Distortion
p1 = 0.0 /- 0.0
p2 = 0.0 /- 0.0

Thin Prism Distortion:
s1 = -0.0005939640226201511 +/- 9.363753697502443e-05
s2 = 0.0019649644456331094 +/- 0.00026025875859931534
s3 = -0.0008342579143358665 +/- 0.00010668314105668766
s4 = 0.0025661424513549725 +/- 0.00025432566845201413
