Precentile: 40
RMS reprojection error = 0.32836926095663016

Camera Matrix:
fx = 2639.4725984099164 +/- 1.4563243537144444
fy = 2627.2773564711456 +/- 1.4452891359982647
cx = 1603.3690747389053 +/- 0.4752666665361286
cy = 1220.9205862823535 +/- 0.4766208642237711

Radial Distortion:
k1 = 0.06681057981315526 +/- 0.003978975507391187
k2 = 38.15564285176057 +/- 1.6700914157668207
k3 = -1.41828420532587 +/- 0.05537278757168089
k4 = 0.0 +/- 0.0
k5 = 37.05327282725638 +/- 1.618144810009967
k6 = 0.0 +/- 0.0

Tangential Distortion
p1 = 0.0 /- 0.0
p2 = 0.0 /- 0.0

Thin Prism Distortion:
s1 = -0.0008985111901765403 +/- 0.00017925714625413168
s2 = 0.003878191313887875 +/- 0.0005889632590495664
s3 = -0.0010794178437156807 +/- 0.00018808667881707193
s4 = 0.004106962927420227 +/- 0.0005294167258520278
