Precentile: 5
RMS reprojection error = 0.1368412829078032

Camera Matrix:
fx = 2653.111735829884 +/- 3.5993804880621605
fy = 2639.480777196666 +/- 3.5579308173415134
cx = 1605.589057725947 +/- 1.1804778580067927
cy = 1228.6002082435946 +/- 1.4112976218888136

Radial Distortion:
k1 = 0.07010335684711533 +/- 0.008060065696071865
k2 = 44.55299939548397 +/- 5.332961630743525
k3 = -1.1199278330657214 +/- 0.18243708409184697
k4 = 0.0 +/- 0.0
k5 = 43.38151481420907 +/- 5.217551079792152
k6 = 0.0 +/- 0.0

Tangential Distortion
p1 = 0.0 /- 0.0
p2 = 0.0 /- 0.0

Thin Prism Distortion:
s1 = -0.0003057823946070987 +/- 0.0004265025923361386
s2 = -0.006258238519303988 +/- 0.00246754964858073
s3 = 0.0016645440718188692 +/- 0.00046294394266850326
s4 = 0.00020559580118100212 +/- 0.002181290147760601
