Precentile: 50
RMS reprojection error = 0.312496249693824

Camera Matrix:
fx = 2638.108909624027 +/- 1.2913965291280343
fy = 2625.7577631988047 +/- 1.282496725894757
cx = 1603.354200348307 +/- 0.3993667561696857
cy = 1220.3177478154312 +/- 0.39651853790726144

Radial Distortion:
k1 = 0.06900371786289446 +/- 0.003286575494977564
k2 = 37.03949970256603 +/- 1.2395906619515966
k3 = -1.356054288615474 +/- 0.04560350484747503
k4 = 0.0 +/- 0.0
k5 = 35.97076215627122 +/- 1.1980889143555762
k6 = 0.0 +/- 0.0

Tangential Distortion
p1 = 0.0 /- 0.0
p2 = 0.0 /- 0.0

Thin Prism Distortion:
s1 = -0.000673963580665819 +/- 0.00013925348998780458
s2 = 0.002669323956757464 +/- 0.0004468786250603084
s3 = -0.0012702077866362826 +/- 0.0001494957003649689
s4 = 0.003589073102796675 +/- 0.0003920959454059598
