Precentile: 65
RMS reprojection error = 0.2912200183481986

Camera Matrix:
fx = 2636.7868804552436 +/- 1.0784369216674812
fy = 2624.3946031658015 +/- 1.0716360382062173
cx = 1603.417789491476 +/- 0.32467801136917923
cy = 1220.4999185985796 +/- 0.32163979891844924

Radial Distortion:
k1 = 0.07113369027731627 +/- 0.0026991268115573175
k2 = 36.486342163315896 +/- 0.9414212618672464
k3 = -1.3139555202426287 +/- 0.0368506895596634
k4 = 0.0 +/- 0.0
k5 = 35.43859663718832 +/- 0.9082102592030434
k6 = 0.0 +/- 0.0

Tangential Distortion
p1 = 0.0 /- 0.0
p2 = 0.0 /- 0.0

Thin Prism Distortion:
s1 = -0.0005913327850600053 +/- 0.00010259322608332891
s2 = 0.0020037408853714554 +/- 0.0003006452610394078
s3 = -0.0008683901766116962 +/- 0.00011401565725583392
s4 = 0.0026931325210599053 +/- 0.0002787438178118762
