Precentile: 25
RMS reprojection error = 0.3438245415168963

Camera Matrix:
fx = 2641.272626159104 +/- 2.088130671423414
fy = 2628.841327970062 +/- 2.078492063192755
cx = 1603.8981518952621 +/- 0.7965550646574988
cy = 1222.6867560374085 +/- 0.8021991419488758

Radial Distortion:
k1 = 0.06103743002040291 +/- 0.00621083672242816
k2 = 43.654280500234606 +/- 3.980332124140769
k3 = -1.3088342013927112 +/- 0.10754193823475895
k4 = 0.0 +/- 0.0
k5 = 42.444955706999735 +/- 3.8916647356605423
k6 = 0.0 +/- 0.0

Tangential Distortion
p1 = 0.0 /- 0.0
p2 = 0.0 /- 0.0

Thin Prism Distortion:
s1 = -0.0011180021915524188 +/- 0.00029760122040041486
s2 = 0.002040508933135916 +/- 0.0013303516361320383
s3 = -0.0011041149558814595 +/- 0.00029557781279761436
s4 = 0.002956444151007553 +/- 0.001185943925836563
