Precentile: 55
RMS reprojection error = 0.30206916440524517

Camera Matrix:
fx = 2636.9197511729785 +/- 1.1961387130410932
fy = 2624.5823013655263 +/- 1.1875021980593827
cx = 1603.3916333664765 +/- 0.3640913338986137
cy = 1220.3801068204032 +/- 0.3602872625728975

Radial Distortion:
k1 = 0.0695145828952459 +/- 0.003039610912974265
k2 = 36.64846871747015 +/- 1.1213793012758486
k3 = -1.3490995056709114 +/- 0.04194143841653626
k4 = 0.0 +/- 0.0
k5 = 35.59015232430312 +/- 1.0833800271567908
k6 = 0.0 +/- 0.0

Tangential Distortion
p1 = 0.0 /- 0.0
p2 = 0.0 /- 0.0

Thin Prism Distortion:
s1 = -0.0006256995041690784 +/- 0.0001233766438707637
s2 = 0.0024532020078103416 +/- 0.0003943594283129494
s3 = -0.0012386399972730718 +/- 0.00013406095890687784
s4 = 0.0035112755261330554 +/- 0.00034734426970288267
