Precentile: 100
RMS reprojection error = 0.28668161744339604

Camera Matrix:
fx = 2634.792864924308 +/- 0.7413804817026828
fy = 2622.4420690755965 +/- 0.737646860050071
cx = 1603.0962652407627 +/- 0.23416468528578738
cy = 1220.8036200486072 +/- 0.23329237886072499

Radial Distortion:
k1 = 0.07145785691079867 +/- 0.0022501197758055427
k2 = 36.22883008088508 +/- 0.7240381422307206
k3 = -1.3156820502600435 +/- 0.030015224859998045
k4 = 0.0 +/- 0.0
k5 = 35.17947635606717 +/- 0.6972129260133728
k6 = 0.0 +/- 0.0

Tangential Distortion
p1 = 0.0 /- 0.0
p2 = 0.0 /- 0.0

Thin Prism Distortion:
s1 = -0.0007874004006109746 +/- 7.358627292139703e-05
s2 = 0.002261223864075723 +/- 0.00018423330853551057
s3 = -0.0007170043576851954 +/- 8.576594669641876e-05
s4 = 0.0017592837846789927 +/- 0.00018921666232388752
