Precentile: 30
RMS reprojection error = 0.32722701795578196

Camera Matrix:
fx = 2637.9216370622153 +/- 1.8487809981449177
fy = 2625.4686128446565 +/- 1.836517746053204
cx = 1604.234053215765 +/- 0.6317393431244623
cy = 1222.291225903554 +/- 0.629481354833548

Radial Distortion:
k1 = 0.06321735490048845 +/- 0.004869180608257416
k2 = 40.47132166894281 +/- 2.514226793641607
k3 = -1.374525993496541 +/- 0.06994324694867653
k4 = 0.0 +/- 0.0
k5 = 39.31697065757523 +/- 2.447874504117275
k6 = 0.0 +/- 0.0

Tangential Distortion
p1 = 0.0 /- 0.0
p2 = 0.0 /- 0.0

Thin Prism Distortion:
s1 = -0.0008779524702691347 +/- 0.00024036929052002076
s2 = 0.0019152588725661803 +/- 0.0009630464172872379
s3 = -0.0011625864148739771 +/- 0.00023946425752109822
s4 = 0.004173775872920847 +/- 0.0008317865000396884
