Precentile: 35
RMS reprojection error = 0.33840114278703937

Camera Matrix:
fx = 2640.227277766987 +/- 1.6978634428170096
fy = 2628.051240091273 +/- 1.6861105423205998
cx = 1603.1002244353153 +/- 0.550277274683103
cy = 1221.21653123746 +/- 0.5501224214588009

Radial Distortion:
k1 = 0.06384681091020716 +/- 0.004502851836113811
k2 = 39.10412939058935 +/- 2.0264030155601485
k3 = -1.491498878494189 +/- 0.06423910607755133
k4 = 0.0 +/- 0.0
k5 = 37.97110661136328 +/- 1.9664169860879999
k6 = 0.0 +/- 0.0

Tangential Distortion
p1 = 0.0 /- 0.0
p2 = 0.0 /- 0.0

Thin Prism Distortion:
s1 = -0.0009343763561933921 +/- 0.00020895854074866452
s2 = 0.003728812611128158 +/- 0.000733799807108005
s3 = -0.0011154715524420214 +/- 0.0002140466392368822
s4 = 0.00447484021480141 +/- 0.0006568905204435741
