Precentile: 75
RMS reprojection error = 0.2788834849245426

Camera Matrix:
fx = 2636.2868168555706 +/- 0.8797124097712493
fy = 2623.876710252921 +/- 0.8733672249890179
cx = 1603.5220589471523 +/- 0.2693244956059642
cy = 1220.358908610607 +/- 0.2615687317777081

Radial Distortion:
k1 = 0.0706924979121009 +/- 0.0024548965857241786
k2 = 36.95523140215175 +/- 0.838992307071857
k3 = -1.3205229441753916 +/- 0.03305043698127517
k4 = 0.0 +/- 0.0
k5 = 35.89207617346426 +/- 0.8090419695591069
k6 = 0.0 +/- 0.0

Tangential Distortion
p1 = 0.0 /- 0.0
p2 = 0.0 /- 0.0

Thin Prism Distortion:
s1 = -0.0005963602719661173 +/- 8.680042306683269e-05
s2 = 0.0020764517993540283 +/- 0.0002432799954601772
s3 = -0.0008488955882687629 +/- 9.984693212409386e-05
s4 = 0.002578048356897096 +/- 0.00023915301875165881
