Precentile: 60
RMS reprojection error = 0.2942698985488186

Camera Matrix:
fx = 2637.1478505836612 +/- 1.1292868262040108
fy = 2624.7691503683313 +/- 1.120835104909593
cx = 1603.4120922420127 +/- 0.34438317169920996
cy = 1220.6774546171273 +/- 0.3410528792304531

Radial Distortion:
k1 = 0.06985876403358679 +/- 0.002830858693917614
k2 = 36.87317047974646 +/- 1.0093578772012428
k3 = -1.3340656177101162 +/- 0.038980164342815614
k4 = 0.0 +/- 0.0
k5 = 35.81272482194559 +/- 0.9742955677553841
k6 = 0.0 +/- 0.0

Tangential Distortion
p1 = 0.0 /- 0.0
p2 = 0.0 /- 0.0

Thin Prism Distortion:
s1 = -0.000541600961449382 +/- 0.00011095152752703098
s2 = 0.0018704147815412533 +/- 0.00033476426585683626
s3 = -0.001020973882842818 +/- 0.00012110605819955364
s4 = 0.0029033476150584062 +/- 0.00030487361764760466
