Precentile: 85
RMS reprojection error = 0.2727988445793711

Camera Matrix:
fx = 2634.992190275538 +/- 0.7803647705167037
fy = 2622.6014257864763 +/- 0.776109420065522
cx = 1603.3195015907284 +/- 0.24286431337956116
cy = 1220.3683588231208 +/- 0.2374088929632955

Radial Distortion:
k1 = 0.07169768812075186 +/- 0.0022769263950856607
k2 = 36.26923716603768 +/- 0.7504763163408509
k3 = -1.3123095298456355 +/- 0.030561638835023542
k4 = 0.0 +/- 0.0
k5 = 35.22343014463522 +/- 0.723062890555944
k6 = 0.0 +/- 0.0

Tangential Distortion
p1 = 0.0 /- 0.0
p2 = 0.0 /- 0.0

Thin Prism Distortion:
s1 = -0.0007032376039066648 +/- 7.710150685665916e-05
s2 = 0.002237386160674791 +/- 0.0002023544347342969
s3 = -0.0007772379066169077 +/- 8.925865520021038e-05
s4 = 0.0022158599945494343 +/- 0.000205868664702985
