Precentile: 80
RMS reprojection error = 0.27746273454153875

Camera Matrix:
fx = 2635.321830597062 +/- 0.8207473017226617
fy = 2622.928213133656 +/- 0.8163952842485638
cx = 1603.4527357933216 +/- 0.256025237567088
cy = 1220.4305417859744 +/- 0.2496471113124509

Radial Distortion:
k1 = 0.07128342376203267 +/- 0.002371962795686278
k2 = 36.54119299860427 +/- 0.7993753371934555
k3 = -1.315597303396373 +/- 0.03190810672637398
k4 = 0.0 +/- 0.0
k5 = 35.489779362262595 +/- 0.7705839594700259
k6 = 0.0 +/- 0.0

Tangential Distortion
p1 = 0.0 /- 0.0
p2 = 0.0 /- 0.0

Thin Prism Distortion:
s1 = -0.0006609747953109848 +/- 8.270952078974871e-05
s2 = 0.0021781629541975374 +/- 0.00022583389534978822
s3 = -0.0008082938505820283 +/- 9.47161980125028e-05
s4 = 0.002407626200279541 +/- 0.00022316801576340657
