Precentile: 15
RMS reprojection error = 0.18403850425623552

Camera Matrix:
fx = 2637.362626761947 +/- 1.7081961056552515
fy = 2624.444353990131 +/- 1.6887963375913955
cx = 1604.6961724089406 +/- 0.5522141281377811
cy = 1223.7322661964663 +/- 0.5651615394488398

Radial Distortion:
k1 = 0.05880169889541231 +/- 0.0048311190981780066
k2 = 46.298707666149205 +/- 3.6843612502288337
k3 = -1.260647917627127 +/- 0.1241108787425144
k4 = 0.0 +/- 0.0
k5 = 45.06712855305584 +/- 3.6131865713687454
k6 = 0.0 +/- 0.0

Tangential Distortion
p1 = 0.0 /- 0.0
p2 = 0.0 /- 0.0

Thin Prism Distortion:
s1 = -0.0007902604219063985 +/- 0.00023585796659712687
s2 = 0.0004859904227654118 +/- 0.001360926669784694
s3 = -0.00028022020146161846 +/- 0.0002247661310680063
s4 = 0.0033569889797933072 +/- 0.001149135280936077
