RMS reprojection error = 0.11847942153105187

Camera Matrix:
fx = 2700.1495906274104 +/- 0.41863230398349727
fy = 2700.2296864996006 +/- 0.496737516895298
cx = 1639.4509325494755 +/- 0.6556367494923403
cy = 1230.5131951358833 +/- 0.7630759123487494

Radial Distortion:
k1 = 4.746971386044229 +/- 1.4288706877872417
k2 = 38.48629807503727 +/- 1.8165678504593656
k3 = 41.31533489489019 +/- 14.753186253415981
k4 = 4.653629585485183 +/- 1.436076987736892
k5 = 36.26192859514642 +/- 1.5743553209725605
k6 = 43.555292110195936 +/- 15.014394058250423

Tangential Distortion
p1 = 0.00235854787983866 /- 0.00023519835667112476
p2 = 0.0022273718070498446 /- 0.00024254785634984137

Thin Prism Distortion:
s1 = -0.0023688157081028687 +/- 0.00035448216100460324
s2 = -0.00025916445139423627 +/- 0.00026171267437866315
s3 = -0.0019313336476513292 +/- 0.00028120316961152084
s4 = -0.0010144103401122139 +/- 0.0002476125356556049

