RMS reprojection error = 5.315540118303715e-05

Camera Matrix:
fx = 2700.000239123964 +/- 0.00018175407591341478
fy = 2700.000362589056 +/- 0.00022082689059754106
cx = 1638.9999109256944 +/- 0.00029668531374624826
cy = 1230.000139601995 +/- 0.00034309351560620014

Radial Distortion:
k1 = 4.100738679978724 +/- 0.0006246657706193475
k2 = 36.00149151599625 +/- 0.0007429807955153624
k3 = 38.0064190195033 +/- 0.006582484146678218
k4 = 4.000744660812987 +/- 0.0006276894602221407
k5 = 34.00127528109841 +/- 0.0006454283108719766
k6 = 40.0066174216755 +/- 0.0066928942773468655

Tangential Distortion
p1 = 0.0020000962342453183 /- 1.0342606449131816e-07
p2 = 0.0019999520534632665 /- 1.0390603307204873e-07

Thin Prism Distortion:
s1 = -0.002199924961462905 +/- 1.48941009960849e-07
s2 = 0.0001299301850603211 +/- 1.1816874065334634e-07
s3 = -0.0014001521816129423 +/- 1.2035660698676302e-07
s4 = -0.001000089093209051 +/- 1.1153591335241767e-07

