RMS reprojection error = 0.1250184006094629

Camera Matrix:
fx = 2700.3080605724667 +/- 0.4470065409369137
fy = 2700.5915400454737 +/- 0.5292777451705235
cx = 1638.657273930515 +/- 0.6917902123500462
cy = 1230.5447297877108 +/- 0.8060015063393011

Radial Distortion:
k1 = 5.46724413833003 +/- 1.6493705018361289
k2 = 38.7158530084954 +/- 1.9504685197858578
k3 = 49.64731973560135 +/- 17.28247424821724
k4 = 5.3771914882481155 +/- 1.6575215931099463
k5 = 36.32637406671595 +/- 1.6863123781936744
k6 = 51.991579363939515 +/- 17.575683257115656

Tangential Distortion
p1 = 0.0023439981233175757 /- 0.00024840258447363003
p2 = 0.0018640032472634234 /- 0.0002558956169595435

Thin Prism Distortion:
s1 = -0.0019861310594397985 +/- 0.0003740780705275011
s2 = 0.0002641554657400387 +/- 0.00027587435287770146
s3 = -0.0018304548583682758 +/- 0.0002968598504190821
s4 = -0.001139093781300995 +/- 0.0002611924963621314

