RMS reprojection error = 5.3406892649164875e-05

Camera Matrix:
fx = 2700.0001510918332 +/- 0.0001863343319961375
fy = 2700.000238524841 +/- 0.0002216634419438282
cx = 1639.0001505224786 +/- 0.000295257535551985
cy = 1230.000217852443 +/- 0.00034419695877014055

Radial Distortion:
k1 = 4.10056382007936 +/- 0.0006235292776692114
k2 = 36.00049122014371 +/- 0.0007463148891375013
k3 = 38.00503883217726 +/- 0.006570522438505947
k4 = 4.0005667752733745 +/- 0.000626550565412421
k5 = 34.0003540446532 +/- 0.0006482938143874157
k6 = 40.00516272413162 +/- 0.006680798900579744

Tangential Distortion
p1 = 0.0020000837071363527 /- 1.0611645732169746e-07
p2 = 0.0020000245913341006 /- 1.092458935488051e-07

Thin Prism Distortion:
s1 = -0.0022000010022860776 +/- 1.5980012295945006e-07
s2 = 0.00012986418936238123 +/- 1.1775860223871079e-07
s3 = -0.0014001040473689682 +/- 1.268592143417099e-07
s4 = -0.0010000890027153306 +/- 1.1155883289171223e-07

