RMS reprojection error = 0.12993894744192133

Camera Matrix:
fx = 2699.9737930742713 +/- 0.45448046552999155
fy = 2700.378756414348 +/- 0.549454823407445
cx = 1638.7141631076015 +/- 0.7260873734731588
cy = 1231.4143702549202 +/- 0.8393404384401211

Radial Distortion:
k1 = 5.360218856245703 +/- 1.7395892444535903
k2 = 37.59700575580601 +/- 1.9679204213678372
k3 = 49.47589225097392 +/- 18.26142101460492
k4 = 5.267656897338366 +/- 1.7479918783785375
k5 = 35.27141537150833 +/- 1.7012275903849983
k6 = 51.75254429743133 +/- 18.56826410602312

Tangential Distortion
p1 = 0.0024965340337522283 /- 0.00025288686109954656
p2 = 0.0018177199335993979 /- 0.00025413120782346763

Thin Prism Distortion:
s1 = -0.001979367738678035 +/- 0.00036408980516592715
s2 = 0.00033097155430651155 +/- 0.00028910494696616064
s3 = -0.001988538594544449 +/- 0.000294172768146147
s4 = -0.001231022313690538 +/- 0.00027266459565735996

