RMS reprojection error = 0.12377018209557361

Camera Matrix:
fx = 2700.2898159212154 +/- 0.42480085923850525
fy = 2700.3114460183947 +/- 0.5156621229770777
cx = 1639.1147796458836 +/- 0.6916198431377155
cy = 1231.0180500923782 +/- 0.7985093929913027

Radial Distortion:
k1 = 4.251886702920282 +/- 1.4361455621104797
k2 = 37.34917186141344 +/- 1.8099571852941563
k3 = 37.253908780609784 +/- 14.864209057540299
k4 = 4.155036253003476 +/- 1.4433246015675456
k5 = 35.26854605819394 +/- 1.5714005261613182
k6 = 39.35953940569124 +/- 15.124641584926469

Tangential Distortion
p1 = 0.0022508213698627937 /- 0.00024073817960702898
p2 = 0.0020363948698499373 /- 0.0002421975759314867

Thin Prism Distortion:
s1 = -0.002171170704322752 +/- 0.00034683421961363145
s2 = -8.633672063559718e-05 +/- 0.0002759565069422927
s3 = -0.001721640210424738 +/- 0.00028013948708135165
s4 = -0.0010569477886874193 +/- 0.0002600694529812974

