np_images/im7.txt: 1.6481481790542603
np_images/im12.txt: 1.4078351259231567
np_images/im3.txt: 1.6517345309257507
np_images/im4.txt: 1.7105162143707275
np_images/im10.txt: 1.3902941942214966
np_images/im14.txt: 1.4567798972129822
np_images/im11.txt: 1.432504415512085
np_images/im8.txt: 1.452505648136139
np_images/im16.txt: 1.5141395330429077
np_images/im22.txt: 1.493391513824463
np_images/im2.txt: 1.8355817794799805
np_images/im21.txt: 1.3956161141395569
np_images/im1.txt: 1.4494391083717346
np_images/im23.txt: 1.4431054592132568
np_images/im0.txt: 1.6973595023155212
np_images/im15.txt: 1.4573932886123657
np_images/im20.txt: 1.3822901844978333
np_images/im13.txt: 1.4187424182891846
np_images/im19.txt: 1.4659240245819092
np_images/im6.txt: 1.6207241415977478
np_images/im5.txt: 1.7283003330230713
np_images/im9.txt: 1.4240329265594482
np_images/im18.txt: 1.508702278137207
np_images/im17.txt: 1.5330360531806946
