np_images/im7.txt: 1.5880936980247498
np_images/im12.txt: 1.4347514510154724
np_images/im3.txt: 1.527396023273468
np_images/im4.txt: 1.6241775751113892
np_images/im10.txt: 1.3429455161094666
np_images/im14.txt: 1.3861455917358398
np_images/im11.txt: 1.402456820011139
np_images/im8.txt: 1.3834912180900574
np_images/im16.txt: 1.4839727878570557
np_images/im2.txt: 1.6596204042434692
np_images/im1.txt: 1.5319138169288635
np_images/im0.txt: 1.7614083290100098
np_images/im15.txt: 1.4311041235923767
np_images/im13.txt: 1.392913043498993
np_images/im19.txt: 1.4630088806152344
np_images/im6.txt: 1.5271000862121582
np_images/im5.txt: 1.6908902525901794
np_images/im9.txt: 1.436897873878479
np_images/im18.txt: 1.504680573940277
np_images/im17.txt: 1.496563732624054
