RMS reprojection error = 0.5384532711841881
sharpness = 15.688301181793213

Camera Matrix:
fx = 2669.969663769794 +/- 3.2825178708489053
fy = 2672.4762706045194 +/- 5.270445336769664
cx = 1637.814540046291 +/- 27.181372587672087
cy = 1106.785943469314 +/- 62.107201335198624

Radial Distortion:
k1 = 0.4372842816703788 +/- 22.692439731776258
k2 = 5.277626150212143 +/- 132.8089228160463
k3 = 9.0887790299975 +/- 25.7700031978178
k4 = 0.4405358560230806 +/- 22.708082668888423
k5 = 5.236210772466806 +/- 133.01542525550232
k6 = 9.102439762896186 +/- 24.899108380530922

Tangential Distortion
p1 = -0.02355126612165655 /- 0.011404470630834702
p2 = 0.0002966454148804924 /- 0.005092452236355227

Thin Prism Distortion:
s1 = -0.0006693573997720118 +/- 0.005313445205086214
s2 = 0.0002004611616896641 +/- 0.0023373963417908507
s3 = 0.02328859553045177 +/- 0.011473983607202141
s4 = 0.0008869968722486607 +/- 0.002534326703897877

