RMS reprojection error = 0.11819303813167928
sharpness = 1.5450522124767303

Camera Matrix:
fx = 2668.0700163427205 +/- 0.6611627170198013
fy = 2667.928512577093 +/- 0.6622220104422168
cx = 1608.2567627842845 +/- 23.379938364527064
cy = 1235.8660664618956 +/- 16.67996797596988

Radial Distortion:
k1 = -0.07706484415576026 +/- 8.912186885592691
k2 = 16.891758587136408 +/- 2.462999774453063
k3 = -12.082724752632421 +/- 2.5426814341254222
k4 = -0.07584056189132563 +/- 8.914096835774622
k5 = 16.875772567541247 +/- 2.4763996413037312
k6 = -12.15938091715474 +/- 2.6487598323134414

Tangential Distortion
p1 = 0.0010525312593216668 /- 0.003154493988530176
p2 = -0.005715499462566097 /- 0.00437532508216544

Thin Prism Distortion:
s1 = 0.005706702500899553 +/- 0.004406819501470909
s2 = -0.0003862024980186116 +/- 0.0009360516941626746
s3 = -0.0009125371069449298 +/- 0.0031807022682280796
s4 = -0.0005261591706919891 +/- 0.0006431374233683032

