RMS reprojection error = 0.1878368043331609
sharpness = 6.0069735765457155

Camera Matrix:
fx = 2667.8666590569997 +/- 1.098990090865482
fy = 2667.112904936396 +/- 1.0803324783075245
cx = 1604.622290407968 +/- 35.53247173589361
cy = 1240.9740186023619 +/- 24.047388081548856

Radial Distortion:
k1 = 0.002031155199204251 +/- 10.791117844889762
k2 = 0.03644667778129272 +/- 3.0228194095933545
k3 = -0.7735257867065793 +/- 3.320480198048473
k4 = 0.0044707187898194835 +/- 10.794112914929178
k5 = 0.003319320045333309 +/- 3.0415247404104284
k6 = -0.7381945003536368 +/- 3.4334192646714325

Tangential Distortion
p1 = 0.0020513706206414396 /- 0.004548740835656723
p2 = -0.006655823485973006 /- 0.006647034392128296

Thin Prism Distortion:
s1 = 0.007035511381802461 +/- 0.006697274116609531
s2 = -0.0015574890753304958 +/- 0.0014288577583540163
s3 = -0.0018264689589718058 +/- 0.004590395345818482
s4 = -0.0002688663040970493 +/- 0.0010022514721995737

