RMS reprojection error = 0.13494095015034097
sharpness = 2.0945985436439516

Camera Matrix:
fx = 2668.1023665406406 +/- 0.8159460418585175
fy = 2668.1807604247297 +/- 0.7836565993789948
cx = 1595.6338746823671 +/- 22.36104275659354
cy = 1249.0994810398438 +/- 16.04733568136039

Radial Distortion:
k1 = 0.79446446567519 +/- 9.946361405975178
k2 = 24.429535901717117 +/- 1.129591898072739
k3 = 11.397543969583777 +/- 1.5195412969341204
k4 = 0.7945127881249252 +/- 9.9480495480706
k5 = 24.436433476066455 +/- 1.138968166062652
k6 = 11.171891416467208 +/- 1.6662913341402998

Tangential Distortion
p1 = 0.0034378126636729397 /- 0.003038642090029495
p2 = -0.007974450310558413 /- 0.004183262401963192

Thin Prism Distortion:
s1 = 0.008069630395342326 +/- 0.004207988070307104
s2 = -0.0009207194081722088 +/- 0.0009492702256836985
s3 = -0.003350030624493886 +/- 0.0030667456485754464
s4 = -1.836694385875233e-05 +/- 0.0007109763943424388

