RMS reprojection error = 0.8896836752676018
sharpness = 15.231271266937256

Camera Matrix:
fx = 2669.6010217348608 +/- 3.8912939142692586
fy = 2670.0933455566196 +/- 5.644122520247063
cx = 1626.0971228447709 +/- 70.3258602343586
cy = 1289.8457465448153 +/- 95.43439706257463

Radial Distortion:
k1 = -0.08810493493769914 +/- 51.823670306211234
k2 = 0.7373977830124279 +/- 56.183054725264284
k3 = 23.82633528833194 +/- 29.43605401868251
k4 = -0.08981756225664224 +/- 51.80235986403711
k5 = 0.7637759130832207 +/- 56.4971054091616
k6 = 23.64458489517483 +/- 28.27008074603507

Tangential Distortion
p1 = 0.012403329680474622 /- 0.017924635070114058
p2 = -0.0023478357663470196 /- 0.012994288875936452

Thin Prism Distortion:
s1 = 0.002327360618182597 +/- 0.013219235558093874
s2 = -0.0005658507209260994 +/- 0.005716504309501772
s3 = -0.012133936388394348 +/- 0.018176183834334104
s4 = 0.0013300521095529832 +/- 0.005026693387848312

