RMS reprojection error = 0.14099947825101644
sharpness = 2.2697850167751312

Camera Matrix:
fx = 2668.22295625746 +/- 0.9581516945173606
fy = 2668.5259036171888 +/- 0.8804255818660234
cx = 1592.1096744742638 +/- 24.312907422543322
cy = 1240.0026399120134 +/- 15.60039815001656

Radial Distortion:
k1 = 0.9590759714672787 +/- 9.737560110300148
k2 = 17.50564418158907 +/- 0.7160647527981446
k3 = 16.446687790281793 +/- 1.3754310789910353
k4 = 0.9594391531717296 +/- 9.73960353398334
k5 = 17.501600285602464 +/- 0.7324269288859535
k6 = 16.278453216618534 +/- 1.499632982736396

Tangential Distortion
p1 = 0.0015322519783460184 /- 0.002955015173162013
p2 = -0.008791675861290583 /- 0.004556892945442827

Thin Prism Distortion:
s1 = 0.008974601356363996 +/- 0.004579647484591321
s2 = -0.0012479740029309237 +/- 0.0009571011024360218
s3 = -0.0015220956381059338 +/- 0.0029807674918765916
s4 = 0.00044389818842624056 +/- 0.0007235568813865659

