RMS reprojection error = 0.16990319293872053
sharpness = 4.68572906255722

Camera Matrix:
fx = 2668.4486212260695 +/- 1.0081843363826488
fy = 2668.8231021989022 +/- 0.9543639407612265
cx = 1606.0517989486302 +/- 35.271323259110325
cy = 1240.9634044941834 +/- 25.338312639035088

Radial Distortion:
k1 = 0.8759459265049038 +/- 2.897454226361965
k2 = -20.298937566909636 +/- 7.367978769320812
k3 = 17.168234200810666 +/- 6.413872505418351
k4 = 0.8782743827722908 +/- 2.899862291825538
k5 = -20.345514249908685 +/- 7.396382537155952
k6 = 17.30322183928312 +/- 6.347915087342705

Tangential Distortion
p1 = 0.0018746146441014021 /- 0.004794363430441593
p2 = -0.005884378496037458 /- 0.006605120822439077

Thin Prism Distortion:
s1 = 0.005463906072973701 +/- 0.006640477798365967
s2 = -8.972296852749581e-05 +/- 0.001330892649832211
s3 = -0.001867149758426119 +/- 0.004822987569519872
s4 = 0.0001512395727017254 +/- 0.0009189144058562822

