RMS reprojection error = 0.12234527746802472
sharpness = 1.701619166135788

Camera Matrix:
fx = 2668.272171701705 +/- 0.8407409909442055
fy = 2668.035092496024 +/- 0.7576011460919303
cx = 1590.8431115652716 +/- 21.06189209474366
cy = 1245.3017227486182 +/- 13.446537629550603

Radial Distortion:
k1 = 0.1423647573462385 +/- 9.033228360890936
k2 = 9.857448842033884 +/- 2.1598160676091513
k3 = -3.371123136374564 +/- 2.357336241673645
k4 = 0.14362095592146423 +/- 9.035165353937186
k5 = 9.837128325726786 +/- 2.1745183657763825
k6 = -3.4171999216150093 +/- 2.4659614043873557

Tangential Distortion
p1 = 0.0027265657443754808 /- 0.002546636914575939
p2 = -0.008957942637292408 /- 0.003942835849476638

Thin Prism Distortion:
s1 = 0.008973468235459548 +/- 0.003965639383359787
s2 = -0.0008978184968243999 +/- 0.0008720160468461618
s3 = -0.0026066842178244353 +/- 0.0025702251976590595
s4 = -0.00010741474518097427 +/- 0.0006321284699247784

