RMS reprojection error = 1.2677078822495715
sharpness = 15.572467947006226

Camera Matrix:
fx = 2671.70226999231 +/- 11.603000381973631
fy = 2673.3261280296165 +/- 10.186199216451147
cx = 1794.633213692388 +/- 94.39165864810388
cy = 1215.1866182171054 +/- 55.02382687041956

Radial Distortion:
k1 = 0.06396698181459824 +/- 39.94496823236274
k2 = 2.4738905263149773 +/- 46.62239506723857
k3 = 22.175392885178073 +/- 23.901468974539398
k4 = 0.0635326835217601 +/- 39.968541991228044
k5 = 2.426210867197225 +/- 46.74976592770754
k6 = 22.281680466098464 +/- 23.438010521731695

Tangential Distortion
p1 = -0.006291764820376579 /- 0.010192612834781645
p2 = 0.029422823928921704 /- 0.017522035338628943

Thin Prism Distortion:
s1 = -0.03021896102851405 +/- 0.017660552501488583
s2 = -0.0058898808846478785 +/- 0.007004934342818832
s3 = 0.007357952226541084 +/- 0.01024922797607923
s4 = 0.007435291010988606 +/- 0.005009250492547433

