RMS reprojection error = 0.5347899785419373
sharpness = 13.923558807373047

Camera Matrix:
fx = 2667.383502641904 +/- 2.7986938312351604
fy = 2667.173029138655 +/- 3.0470963752167037
cx = 1675.311609907013 +/- 80.70005419466104
cy = 1254.1239198588225 +/- 67.71009280785185

Radial Distortion:
k1 = -1.3988334429711093 +/- 4.590879698569374
k2 = -12.395506674797979 +/- 13.458282129880478
k3 = 23.990186371139856 +/- 9.833283636999598
k4 = -1.3984086531971514 +/- 4.594589149486561
k5 = -12.413848050016693 +/- 13.506207174558337
k6 = 24.040102075447635 +/- 9.706819172117228

Tangential Distortion
p1 = 0.004340183263632566 /- 0.012778104428516313
p2 = 0.007113024642764854 /- 0.015024419116951931

Thin Prism Distortion:
s1 = -0.007600327530307767 +/- 0.01514365746150463
s2 = 0.002656654115373525 +/- 0.0037148280653986625
s3 = -0.004131324572324105 +/- 0.012859770575267323
s4 = 0.0005707460480656921 +/- 0.002653634306405136

