RMS reprojection error = 0.14961572862820924
sharpness = 2.7672164678573608

Camera Matrix:
fx = 2668.3099032833848 +/- 0.67992986293872
fy = 2668.618998624687 +/- 0.8066106381323139
cx = 1617.0322223553683 +/- 27.450246158421614
cy = 1250.0988617933617 +/- 26.24045865231153

Radial Distortion:
k1 = 0.3427044416997052 +/- 7.205741946089533
k2 = 0.27330962922545177 +/- 79.98452296380859
k3 = 5.856659906345362 +/- 13.324764226786527
k4 = 0.34480142021371896 +/- 7.205463391627684
k5 = 0.2390630116261707 +/- 80.08353602090855
k6 = 5.881200947706926 +/- 12.598176628010581

Tangential Distortion
p1 = 0.0036622549111575537 /- 0.004965145829613941
p2 = -0.003992127822262396 /- 0.005137932905375243

Thin Prism Distortion:
s1 = 0.003985623616971447 +/- 0.005157460745472269
s2 = -0.00031452409476777956 +/- 0.0010758302991652473
s3 = -0.0037229260255404488 +/- 0.004992451383216431
s4 = 0.0007922914470975382 +/- 0.0008367430579648125

