RMS reprojection error = 0.36595346749639995
sharpness = 15.591961026191711

Camera Matrix:
fx = 2668.429729440558 +/- 1.7532633105617381
fy = 2669.269242853097 +/- 2.645367556789012
cx = 1608.8457601989182 +/- 31.096306271747824
cy = 1306.3970000458658 +/- 51.084175115760395

Radial Distortion:
k1 = -1.5482378310079437 +/- 6.7345827985512905
k2 = -13.508112205859204 +/- 31.376389153848837
k3 = 40.51178463100336 +/- 20.78819496954233
k4 = -1.5510711800787806 +/- 6.738734753606841
k5 = -13.500920462151933 +/- 31.446506278583428
k6 = 40.49615823851006 +/- 20.51001830847468

Tangential Distortion
p1 = 0.013881607676467338 /- 0.009628381695463551
p2 = -0.005220008584715549 /- 0.0058095688793455445

Thin Prism Distortion:
s1 = 0.004646343648138504 +/- 0.005795313424284038
s2 = 0.0013695507879638556 +/- 0.0019311119401420648
s3 = -0.013856513409112162 +/- 0.009622992216534754
s4 = 0.001784032267634448 +/- 0.0018533768297834326

