RMS reprojection error = 0.12583007880750663
sharpness = 1.72958944439888

Camera Matrix:
fx = 2667.8016696492077 +/- 0.6852825361186943
fy = 2667.8659173077353 +/- 0.7014222016510677
cx = 1609.322755000415 +/- 24.604135057448534
cy = 1240.698914749416 +/- 18.429265216971597

Radial Distortion:
k1 = 1.7206024173039578 +/- 9.942068593458478
k2 = 21.818149332271943 +/- 1.1359267480542594
k3 = 10.138798416244576 +/- 1.6518844314548904
k4 = 1.7211745127084928 +/- 9.944049221485221
k5 = 21.81639010334334 +/- 1.1493037976855958
k6 = 9.94251367520722 +/- 1.7807688800653632

Tangential Distortion
p1 = 0.0017590719714717902 /- 0.0034874736090434286
p2 = -0.005649494949226296 /- 0.004606290192499118

Thin Prism Distortion:
s1 = 0.0057722363574462445 +/- 0.004632714872602048
s2 = -0.0005824054787459993 +/- 0.0009491991417164913
s3 = -0.0016009124230571344 +/- 0.0035137449699220867
s4 = -0.0001648068662941578 +/- 0.0006832388577178907

