RMS reprojection error = 0.4832307815459552
sharpness = 12.165304327011109

Camera Matrix:
fx = 2666.8031724870248 +/- 2.6578961405857897
fy = 2669.0031601756436 +/- 2.8268895345773126
cx = 1606.7009830988045 +/- 86.34750377527202
cy = 1213.0038572481167 +/- 68.96447901441807

Radial Distortion:
k1 = 0.6813409033660263 +/- 32.44536131818112
k2 = 7.559721465376614 +/- 252.8419414287096
k3 = -16.523026960512126 +/- 1.6426976083805795
k4 = 0.6857254146457523 +/- 32.465542706050286
k5 = 7.499371793637303 +/- 253.14205921102388
k6 = -16.434726212480744 +/- 1.5070634962543663

Tangential Distortion
p1 = -0.00278135534336994 /- 0.01302855376679691
p2 = -0.005903744700740065 /- 0.016253441819913034

Thin Prism Distortion:
s1 = 0.0058021434926706856 +/- 0.01632614555643634
s2 = -0.002018657893451494 +/- 0.002874685370443607
s3 = 0.0025579819147099423 +/- 0.01308996614968219
s4 = -7.504480596874286e-05 +/- 0.0024520461325071383

