RMS reprojection error = 0.20023299523579763
sharpness = 7.1799592018127445

Camera Matrix:
fx = 2668.2184877600835 +/- 0.8786756948212798
fy = 2668.0821801340576 +/- 1.2559733702493843
cx = 1662.8773184126449 +/- 26.674688976475306
cy = 1191.0871912276514 +/- 37.592880118813866

Radial Distortion:
k1 = -0.4148682132845072 +/- 32.9984367737844
k2 = 3.1671530969799577 +/- 16.06923320183929
k3 = -8.90038926964694 +/- 19.872524138505533
k4 = -0.41281659354709993 +/- 33.00189542918394
k5 = 3.136544959302828 +/- 16.097465474414598
k6 = -8.865181732878275 +/- 19.280767754081623

Tangential Distortion
p1 = -0.007244708089380009 /- 0.007047718292600162
p2 = 0.00450602798815763 /- 0.004975002268123851

Thin Prism Distortion:
s1 = -0.004533692922542333 +/- 0.0050504554603558885
s2 = 0.0007928467771556459 +/- 0.0012177275392883898
s3 = 0.0072354087114038035 +/- 0.007090841206132104
s4 = -0.0008983027663783654 +/- 0.0010238935134040017

