RMS reprojection error = 0.23482010967410932
sharpness = 10.265751504898072

Camera Matrix:
fx = 2668.7143506593065 +/- 1.7170717029363123
fy = 2668.910793404139 +/- 1.5082317853601739
cx = 1583.9166538941518 +/- 37.88897875313948
cy = 1245.0048224861346 +/- 22.66903217757887

Radial Distortion:
k1 = -0.005427733360996147 +/- 75.14869127012805
k2 = -0.33535969600924276 +/- 32.91463917371405
k3 = -5.828980756636566 +/- 16.268260946087626
k4 = -0.004642308287168753 +/- 75.1549914578075
k5 = -0.3632961237989425 +/- 32.997677996826624
k6 = -5.7962625739245865 +/- 16.876979949842344

Tangential Distortion
p1 = 0.0024677611476056197 /- 0.004294770860836646
p2 = -0.010406770273734475 /- 0.007098211054778482

Thin Prism Distortion:
s1 = 0.01054878104164193 +/- 0.007143030772180722
s2 = -0.0010222691734598282 +/- 0.0017024789843471907
s3 = -0.0022628504909807507 +/- 0.0043366120365083295
s4 = 0.00032606599878651 +/- 0.001201612109932355

