RMS reprojection error = 0.3119303546747429
sharpness = 14.605779027938842

Camera Matrix:
fx = 2667.0716497843505 +/- 1.5737399485989771
fy = 2668.23715836998 +/- 1.7172579334115667
cx = 1610.9196468173645 +/- 56.36910609775395
cy = 1218.7434975843419 +/- 48.45054839940952

Radial Distortion:
k1 = -0.0025384483538508 +/- 49.132682570581345
k2 = -0.020538436526031854 +/- 214.79962968187988
k3 = 0.33055116782301486 +/- 30.813601853295946
k4 = 0.00020173423014232435 +/- 49.12597929608922
k5 = -0.05474612834679488 +/- 215.10851861278167
k6 = 0.36350537902464214 +/- 33.387830943494464

Tangential Distortion
p1 = -0.0020690428295130716 /- 0.009138426511090711
p2 = -0.005279466792006961 /- 0.010549391664162844

Thin Prism Distortion:
s1 = 0.005207024804553219 +/- 0.010666474116793615
s2 = 0.0006184438867632735 +/- 0.0024073522759631583
s3 = 0.0019331713843733444 +/- 0.009225913651564572
s4 = 8.897319897673512e-06 +/- 0.0017386119956141334

