RMS reprojection error = 0.6936316705971137
sharpness = 16.151425512213457

Camera Matrix:
fx = 2666.372629833753 +/- 3.4283391744572858
fy = 2666.135586002583 +/- 4.7029408264773815
cx = 1655.0142038589813 +/- 150.95225696228147
cy = 1259.688719224413 +/- 181.71629334077343

Radial Distortion:
k1 = -0.2814731264051288 +/- 81.26522343136388
k2 = -0.36635455966475333 +/- 375.37136042568085
k3 = 36.26471480413112 +/- 169.36706024813518
k4 = -0.2856070243888792 +/- 81.28020767839519
k5 = -0.36264136842111333 +/- 375.89149153376457
k6 = 36.194951085609546 +/- 166.8828740088778

Tangential Distortion
p1 = 0.0060659418592320805 /- 0.03449776351855196
p2 = 0.004520997969107885 /- 0.02838016107427403

Thin Prism Distortion:
s1 = -0.005417686453915096 +/- 0.028156601309371372
s2 = 0.0005451253068436446 +/- 0.003868750799501698
s3 = -0.006220430152178405 +/- 0.034183461365251876
s4 = 0.0005732131400162917 +/- 0.003284977204833208

