RMS reprojection error = 0.6221172639013425
sharpness = 14.054858922958374

Camera Matrix:
fx = 2670.9695416320783 +/- 3.6968091621447114
fy = 2668.8932926933176 +/- 3.774334367566903
cx = 1562.813797728373 +/- 56.35352471660859
cy = 1187.6622944864573 +/- 54.90534590970962

Radial Distortion:
k1 = 0.08012503978737566 +/- 21.551905899512214
k2 = 0.6072218088264596 +/- 99.69406778906954
k3 = 0.21835728929069376 +/- 35.244367065768024
k4 = 0.0873083126778328 +/- 21.571570440345536
k5 = 0.5192598356380859 +/- 99.92424171067245
k6 = 0.3823246349410043 +/- 34.466590781873755

Tangential Distortion
p1 = -0.008419651678435343 /- 0.010353864121961346
p2 = -0.013992454013683302 /- 0.010586143527201046

Thin Prism Distortion:
s1 = 0.01375455928050514 +/- 0.010624212582660933
s2 = 0.002295793502070512 +/- 0.003019999198359485
s3 = 0.009315603179973353 +/- 0.01046473682754158
s4 = -0.0006625972735098568 +/- 0.002964278441796524

