RMS reprojection error = 0.9195658690703247
sharpness = 12.60429105758667

Camera Matrix:
fx = 2673.1238474995052 +/- 5.076653561899088
fy = 2676.166850644331 +/- 5.175547634647664
cx = 1571.2297748078088 +/- 92.76374092302744
cy = 1191.6395043592404 +/- 77.42687658331492

Radial Distortion:
k1 = -0.07826150420995202 +/- 32.32584300687281
k2 = 1.8387478890745046 +/- 198.20012710234658
k3 = 22.65089296933307 +/- 63.83526498493174
k4 = -0.07611247917127528 +/- 32.316272151868034
k5 = 1.8201504091701306 +/- 198.73377428152736
k6 = 22.56448286866562 +/- 60.515200961779335

Tangential Distortion
p1 = -0.007895287632074376 /- 0.014521648023599338
p2 = -0.011151060669393673 /- 0.017332122244213318

Thin Prism Distortion:
s1 = 0.009622705129804461 +/- 0.017707912321887287
s2 = -0.0019084079122309245 +/- 0.006055991269225612
s3 = 0.008140022803643046 +/- 0.01475639366833056
s4 = -0.0006162527797775938 +/- 0.004645823614820763

