RMS reprojection error = 0.6964785330949063
sharpness = 12.501459169387818

Camera Matrix:
fx = 2669.6815901539003 +/- 4.158778912222693
fy = 2669.3057925515277 +/- 4.1526767759191054
cx = 1702.9881277416828 +/- 78.55956481513837
cy = 1193.085558204673 +/- 73.59012478730322

Radial Distortion:
k1 = 4.92918374209694 +/- 52.10487360570641
k2 = 52.98504422628805 +/- 369.2306519148541
k3 = 142.00206630845938 +/- 152.49986541660527
k4 = 4.913748757755745 +/- 52.07430953691296
k5 = 53.155991196802546 +/- 369.67423336638075
k6 = 140.85349455753794 +/- 148.37333966359606

Tangential Distortion
p1 = -0.00741731574330379 /- 0.013761339593776994
p2 = 0.011569818725182944 /- 0.014623129269608792

Thin Prism Distortion:
s1 = -0.011606168605809788 +/- 0.014804114980715271
s2 = 0.0021787619356005037 +/- 0.004189627849709665
s3 = 0.008207687118547568 +/- 0.013844197883909918
s4 = -0.001061349558052318 +/- 0.0029625572116539615

