RMS reprojection error = 0.15665411837543056
sharpness = 3.419281613826752

Camera Matrix:
fx = 2667.73980211836 +/- 0.8843408383813831
fy = 2667.9652125649704 +/- 0.8809388642472912
cx = 1607.2179218366557 +/- 29.899322317326085
cy = 1230.3106223411314 +/- 21.55732346295405

Radial Distortion:
k1 = 4.778948251800953 +/- 16.736924465321284
k2 = 36.84015028114784 +/- 2.1008441349726046
k3 = 43.261652881578996 +/- 2.5580269414238304
k4 = 4.776248963723214 +/- 16.737889880625847
k5 = 36.886565073661465 +/- 2.106252443576771
k6 = 42.76384507380468 +/- 2.8204473702346187

Tangential Distortion
p1 = -2.861813715091474e-05 /- 0.004076181055193564
p2 = -0.005941358104507359 /- 0.005599927370017164

Thin Prism Distortion:
s1 = 0.005801653397997361 +/- 0.005642730835677051
s2 = -0.0007412876854463118 +/- 0.0011846735803947973
s3 = 7.510356200032509e-05 +/- 0.004110018212727748
s4 = -8.845656435076115e-05 +/- 0.0008379090046516283

