RMS reprojection error = 0.13227881959674287
sharpness = 1.8711512863636017

Camera Matrix:
fx = 2668.0543338811403 +/- 0.6830851960435768
fy = 2668.173895255885 +/- 0.7313460661184011
cx = 1609.7345098238775 +/- 23.822153857151726
cy = 1248.4123293552377 +/- 19.52598865395676

Radial Distortion:
k1 = 0.09812881808618162 +/- 6.510754473462895
k2 = -1.1684918725174676 +/- 50.17104211005107
k3 = 13.945194455088458 +/- 14.817490996080354
k4 = 0.09993630498515776 +/- 6.50984718496825
k5 = -1.1952306675871414 +/- 50.24744252187433
k6 = 13.947635260596702 +/- 14.289072249405839

Tangential Distortion
p1 = 0.0033478530760935564 /- 0.003693630424825384
p2 = -0.005499036359953511 /- 0.004454233763938018

Thin Prism Distortion:
s1 = 0.0055000419879231936 +/- 0.004481782051077579
s2 = -0.0004763298588415253 +/- 0.0009959900953506473
s3 = -0.0032447226192107107 +/- 0.0037226434242919743
s4 = -0.00017290491460035792 +/- 0.0007256666744210625

