RMS reprojection error = 0.27417647322394983
sharpness = 14.023877811431884

Camera Matrix:
fx = 2667.332252661295 +/- 1.1732918294821861
fy = 2668.124200968145 +/- 1.7713028014182945
cx = 1654.014693648203 +/- 36.7649916015829
cy = 1194.3157736759047 +/- 55.715565340264575

Radial Distortion:
k1 = -3.0055330815399564 +/- 16.12036324471399
k2 = 6.342209332712366 +/- 79.12104934863261
k3 = -23.706705156519554 +/- 80.94825744237205
k4 = -3.0031901914723873 +/- 16.12651145405054
k5 = 6.301664277049955 +/- 79.20198251660014
k6 = -23.598296954524475 +/- 81.13937535880741

Tangential Distortion
p1 = -0.006901864688173358 /- 0.010470926527861019
p2 = 0.002910164155698741 /- 0.0068793031569730195

Thin Prism Distortion:
s1 = -0.0030877805435056897 +/- 0.006968386129587651
s2 = 0.0007915073659184314 +/- 0.0015976673965105075
s3 = 0.006991720936825525 +/- 0.010509851921642856
s4 = -0.0014195086975520067 +/- 0.0013818004950211407

