RMS reprojection error = 0.12671593832500144
sharpness = 1.749733555316925

Camera Matrix:
fx = 2667.9306445081443 +/- 0.5984103628702462
fy = 2668.073265471802 +/- 0.6691151983531297
cx = 1617.1412461540162 +/- 26.02624741775537
cy = 1243.1146771796953 +/- 21.228377384199284

Radial Distortion:
k1 = 0.8005346875542598 +/- 21.175294129070977
k2 = -8.910764325058228 +/- 59.28976688426894
k3 = 9.165604110927735 +/- 12.677089045027943
k4 = 0.8026271604340015 +/- 21.173772325492504
k5 = -8.948220732479747 +/- 59.368732826996045
k6 = 9.230914412691636 +/- 11.840198801618023

Tangential Distortion
p1 = 0.0023782983593829176 /- 0.004014484886422909
p2 = -0.0040661813499872235 /- 0.004869088303657121

Thin Prism Distortion:
s1 = 0.004074022035071051 +/- 0.004897508593701999
s2 = -0.00033086251067075104 +/- 0.0010190696982026954
s3 = -0.002152332178403336 +/- 0.004040999356914449
s4 = -0.00034508777745691444 +/- 0.0007138379945894927

