RMS reprojection error = 0.20101107264055212
sharpness = 7.95212504863739

Camera Matrix:
fx = 2667.8536138412937 +/- 1.2924148955720844
fy = 2667.4091166375974 +/- 1.2497200550954322
cx = 1679.6805071783394 +/- 37.63216369988059
cy = 1220.007400731784 +/- 30.20270009445573

Radial Distortion:
k1 = -0.025533598750947458 +/- 6.594438221415302
k2 = 0.03554635266841035 +/- 67.01898627200433
k3 = 2.5785088647507264 +/- 15.442489441539145
k4 = -0.02368641758085017 +/- 6.595221427316033
k5 = 0.004714427781535622 +/- 67.1073957679764
k6 = 2.609653798869247 +/- 14.859277569980762

Tangential Distortion
p1 = -0.002328940999652172 /- 0.00567578021377622
p2 = 0.0074328744563491 /- 0.007020580019714852

Thin Prism Distortion:
s1 = -0.007568071129550269 +/- 0.0070750364247205945
s2 = 0.001141372109952383 +/- 0.0014043887426588135
s3 = 0.0028675219825422212 +/- 0.005703629297981341
s4 = -0.00041523025734065263 +/- 0.0009221387754745755

