RMS reprojection error = 0.3187312255689959
sharpness = 15.36911873817444

Camera Matrix:
fx = 2667.133710571371 +/- 1.7293640807271
fy = 2668.765123347583 +/- 1.8222386430652047
cx = 1663.7353018246288 +/- 69.74306367384854
cy = 1217.3725755314629 +/- 63.40042486207805

Radial Distortion:
k1 = -0.0024402428754528717 +/- 34.334427974655796
k2 = 0.030383293356419948 +/- 209.90872333909286
k3 = 0.5011265296945697 +/- 10.955501667808022
k4 = -0.002588644465740829 +/- 34.32981272552842
k5 = 0.007585566137150425 +/- 210.05311946693962
k6 = 0.5239806215393127 +/- 9.35536692851865

Tangential Distortion
p1 = -0.002412610465952453 /- 0.011938106078624246
p2 = 0.004883690579996719 /- 0.01306424528357872

Thin Prism Distortion:
s1 = -0.00479486012202185 +/- 0.013111699153806378
s2 = 0.001661979235482195 +/- 0.0021954776333183612
s3 = 0.002396482879193693 +/- 0.011953670399494333
s4 = -0.0004756056999117616 +/- 0.0015364050758757176

