RMS reprojection error = 0.1528154862924588
sharpness = 3.3303007245063783

Camera Matrix:
fx = 2668.1195258293633 +/- 0.505390654587689
fy = 2668.1108913467165 +/- 0.7173486811344937
cx = 1616.582548740285 +/- 0.6115776079490346
cy = 1239.3000716130293 +/- 0.2047707041683429

Radial Distortion:
k1 = -1.1755445582551658 +/- 3.1648385736240305
k2 = -1.4017444689218002 +/- 7.486512707027186
k3 = -18.729031483377668 +/- 6.402785743895634
k4 = -1.1710344923724452 +/- 3.167477624883373
k5 = -1.460150927089867 +/- 7.51428233309846
k6 = -18.585148416744328 +/- 6.344893834908115

Tangential Distortion
p1 = 0.0015374264395835592 /- 0.00024270543275506606
p2 = -0.004033224569249204 /- 0.0002472751985695763

Thin Prism Distortion:
s1 = 0.004147111955207887 +/- 0.00046037541062163084
s2 = -0.00048730195219358764 +/- 0.0007568076563732515
s3 = -0.001334738311460285 +/- 0.0003658492808309925
s4 = -0.00012545190889326875 +/- 0.0007358228882184036

