RMS reprojection error = 0.11832065778668373
sharpness = 1.6271067678928375

Camera Matrix:
fx = 2668.0282306248437 +/- 0.6499313574988304
fy = 2667.9291093539005 +/- 0.6522243129978369
cx = 1609.715539885033 +/- 24.039661998404213
cy = 1239.447292882669 +/- 17.419513891527647

Radial Distortion:
k1 = -0.0010857163534295753 +/- 7.252085511105692
k2 = 0.029941358329012666 +/- 2.976698439644466
k3 = 0.09861302755237278 +/- 3.0465504265358003
k4 = 0.00040786679497377675 +/- 7.253896509430604
k5 = 0.0012882008935808376 +/- 2.992671093128603
k6 = 0.12318946939142272 +/- 3.1130104852023046

Tangential Distortion
p1 = 0.0017774343158368513 /- 0.003294881293377744
p2 = -0.00541877152097996 /- 0.004499397043463647

Thin Prism Distortion:
s1 = 0.005323844913047687 +/- 0.004527445899455092
s2 = -0.00023553777384279783 +/- 0.0009467678836793794
s3 = -0.001659730753271436 +/- 0.0033193332746200436
s4 = -0.00038583581628018424 +/- 0.0006474438044032307

