RMS reprojection error = 0.14605817868331922
sharpness = 2.513900089263916

Camera Matrix:
fx = 2667.553426131106 +/- 0.6584632217962058
fy = 2667.7255404298407 +/- 0.7484257377364557
cx = 1621.0985163186097 +/- 32.60605324687233
cy = 1242.3407617258 +/- 27.28730682208797

Radial Distortion:
k1 = -1.2906925411685022 +/- 3.992382862908743
k2 = -3.8050769847408143 +/- 7.394840571555269
k3 = -7.305591790967896 +/- 6.392117353026706
k4 = -1.288452633920602 +/- 3.994511006116332
k5 = -3.8457170493070443 +/- 7.42139239644181
k6 = -7.1988997603994695 +/- 6.344073124470163

Tangential Distortion
p1 = 0.002163715294921966 /- 0.005161011955465006
p2 = -0.0034463874819098714 /- 0.006103755469518139

Thin Prism Distortion:
s1 = 0.0034518038608128193 +/- 0.006132888121533143
s2 = -0.0003158424706391439 +/- 0.001165511319353214
s3 = -0.0020331634390038707 +/- 0.00518882817515856
s4 = -0.0005033174205510049 +/- 0.000828860500214943

