RMS reprojection error = 0.32825177366925284
sharpness = 15.25726933479309

Camera Matrix:
fx = 2668.632989240796 +/- 2.250539047575361
fy = 2668.5038943751642 +/- 2.006975847331277
cx = 1595.7136465039844 +/- 62.25775931134728
cy = 1243.5849449235911 +/- 37.77428345223521

Radial Distortion:
k1 = -0.053600942421180325 +/- 21.029532240387205
k2 = -1.3877960420018698 +/- 40.52424800548554
k3 = -22.93605935656844 +/- 31.670682751624653
k4 = -0.05116712270977001 +/- 21.038044896911707
k5 = -1.437067492639632 +/- 40.63999680581366
k6 = -22.81504569772847 +/- 31.49080783534489

Tangential Distortion
p1 = 0.0024829172647441384 /- 0.007154269592374797
p2 = -0.007699666415184931 /- 0.011664223179100255

Thin Prism Distortion:
s1 = 0.007164135238062889 +/- 0.011704760240090307
s2 = 0.00031615784596019503 +/- 0.002419966167114317
s3 = -0.002133697721207912 +/- 0.007208412128509493
s4 = -0.0011058416988096818 +/- 0.001719228451788987

