RMS reprojection error = 0.26291105384970276
sharpness = 12.135476326942443

Camera Matrix:
fx = 2667.461049096877 +/- 1.0269406528582758
fy = 2667.8284069657852 +/- 1.4529766126676087
cx = 1636.0257551577117 +/- 45.99997062758116
cy = 1253.7657560966386 +/- 54.25203356637837

Radial Distortion:
k1 = -0.0001204111979516689 +/- 14.669554586383404
k2 = 0.0073993838154393175 +/- 6.75343004742814
k3 = -0.1589108329078182 +/- 7.049380047791319
k4 = 0.0011041434329570835 +/- 14.673522339172232
k5 = -0.020649348230580216 +/- 6.792710475402661
k6 = -0.13497590015540029 +/- 7.164493189016482

Tangential Distortion
p1 = 0.004580733846245571 /- 0.010254778908569198
p2 = -0.0001411442439914714 /- 0.008591679900242321

Thin Prism Distortion:
s1 = -0.0004778016671325713 +/- 0.008616733479072729
s2 = 0.0016579830401555345 +/- 0.0019029580225360088
s3 = -0.004456990837976983 +/- 0.0103060247172915
s4 = -0.00013514950621749624 +/- 0.0015445561739319852

