RMS reprojection error = 0.18679245159057975
sharpness = 6.235528087615966

Camera Matrix:
fx = 2668.3058417665234 +/- 1.0856561240698979
fy = 2668.1718859920556 +/- 1.079260010892778
cx = 1603.7244751206626 +/- 34.05541218761435
cy = 1236.3543811936418 +/- 23.94442450405139

Radial Distortion:
k1 = -0.06536727545815858 +/- 10.361258022234843
k2 = 0.28856146214352985 +/- 75.21373411401963
k3 = 10.164786027759282 +/- 19.61941941968379
k4 = -0.06341411684544594 +/- 10.359503741380601
k5 = 0.2608637773304176 +/- 75.32758025652164
k6 = 10.169691121714328 +/- 18.81344559879844

Tangential Distortion
p1 = 0.0010594141927705951 /- 0.004529550259433844
p2 = -0.006392154084333156 /- 0.006373942299664102

Thin Prism Distortion:
s1 = 0.006295917725822511 +/- 0.006426000119952265
s2 = -0.0012015987102192895 +/- 0.0014151632954622678
s3 = -0.0011420103352720633 +/- 0.004570892820223939
s4 = 0.0003976583311653682 +/- 0.0009971390038828421

