RMS reprojection error = 0.1655761050950172
sharpness = 4.169805848598481

Camera Matrix:
fx = 2667.9277196025178 +/- 0.95541444676722
fy = 2668.170586363483 +/- 0.9565864906563818
cx = 1609.2028808730145 +/- 33.65577631212088
cy = 1233.0757338590467 +/- 23.729773253675432

Radial Distortion:
k1 = 0.004565956942444637 +/- 11.872181457931502
k2 = -0.0840549013835264 +/- 108.24159472930408
k3 = -1.1547458446233694 +/- 1.4072603625011095
k4 = 0.0072480868933865435 +/- 11.870082517018044
k5 = -0.12159096897312023 +/- 108.36857627651041
k6 = -1.1051951226956878 +/- 1.661945792340015

Tangential Distortion
p1 = 0.0007429789080635768 /- 0.004486489541447648
p2 = -0.005619127315821348 /- 0.006302214616793263

Thin Prism Distortion:
s1 = 0.005495041445611332 +/- 0.0063453448644692914
s2 = -0.0008797338314758004 +/- 0.0012587631171371847
s3 = -0.0007940476982313184 +/- 0.0045218378745039605
s4 = 0.0001533241101046058 +/- 0.000888418910034231

