RMS reprojection error = 0.17905732463215418
sharpness = 5.667521047592163

Camera Matrix:
fx = 2667.247857865953 +/- 0.7790786846031241
fy = 2667.3357195801455 +/- 1.0639676329881844
cx = 1638.1287138072998 +/- 27.961069257321746
cy = 1256.1279026460825 +/- 35.38648690403258

Radial Distortion:
k1 = 4.53744166204696 +/- 24.552460817103945
k2 = 41.5722739329659 +/- 123.67509442595848
k3 = 68.07235755785538 +/- 40.22039977299547
k4 = 4.531462837873256 +/- 24.542915422669253
k5 = 41.658030430606296 +/- 123.85525990416383
k6 = 67.41756572962449 +/- 38.76769104367944

Tangential Distortion
p1 = 0.0047378994635464714 /- 0.006684509595495107
p2 = 8.573671517746148e-05 /- 0.005216337291165727

Thin Prism Distortion:
s1 = -0.0003677458495247817 +/- 0.005245408279785277
s2 = 0.0006583380852062646 +/- 0.0012691987747302182
s3 = -0.004566243950118681 +/- 0.0067256810518641075
s4 = 0.0004081938435510072 +/- 0.0010309265267769883

