RMS reprojection error = 0.17751320320899688
sharpness = 5.690279221534729

Camera Matrix:
fx = 2667.7331965968815 +/- 0.6640426058292531
fy = 2668.470139690236 +/- 1.0014815544753588
cx = 1638.2127852625738 +/- 34.25134311034799
cy = 1212.3914672514866 +/- 44.49906212914348

Radial Distortion:
k1 = 6.501583421826224 +/- 10.497588885495809
k2 = -24.759024111085488 +/- 74.72820874777914
k3 = 50.23537538512344 +/- 30.193908400645057
k4 = 6.5034372659845925 +/- 10.4980029853996
k5 = -24.79642754684554 +/- 74.82652342878903
k6 = 50.2346743066841 +/- 29.47817724902536

Tangential Distortion
p1 = -0.0034243353913100583 /- 0.008391081830824746
p2 = -0.00023710158529993588 /- 0.006424225560393744

Thin Prism Distortion:
s1 = 0.00024371758505915798 +/- 0.006487102926457289
s2 = 0.0003230049523648091 +/- 0.0012602121855634335
s3 = 0.0035385740628439944 +/- 0.008423699329556115
s4 = -0.00038672817113953313 +/- 0.0010192080732457497

