RMS reprojection error = 0.22448098871477834
sharpness = 9.612576770782471

Camera Matrix:
fx = 2668.3005246441912 +/- 1.0914162580006708
fy = 2668.4945560152937 +/- 1.2078267569706005
cx = 1607.3992865294363 +/- 37.2347181376121
cy = 1209.660871318119 +/- 33.14733722305048

Radial Distortion:
k1 = -1.1698535147520923 +/- 4.326573328416478
k2 = -12.475404363377724 +/- 20.947353523535703
k3 = 36.728060421842706 +/- 12.465002827167437
k4 = -1.170824035061141 +/- 4.32964279715185
k5 = -12.483070539409368 +/- 20.99388547130416
k6 = 36.73632908027906 +/- 12.284181589754608

Tangential Distortion
p1 = -0.004037364939833256 /- 0.00625132245450264
p2 = -0.005811619991935502 /- 0.006992286280535714

Thin Prism Distortion:
s1 = 0.005614063724530919 +/- 0.007062909617391759
s2 = -0.0012506301935564432 +/- 0.001594868076481697
s3 = 0.004278682187725369 +/- 0.0062862388780158904
s4 = -0.0005646145960849905 +/- 0.0011777028949652069

