RMS reprojection error = 0.20678844225235343
sharpness = 7.999341368675232

Camera Matrix:
fx = 2668.6303237868624 +/- 1.326302592774018
fy = 2668.9572219298743 +/- 1.2358653794782732
cx = 1600.1595480995118 +/- 38.842447546894306
cy = 1240.7755288512938 +/- 25.28392345059545

Radial Distortion:
k1 = 0.0007776461968788972 +/- 8.411242077793538
k2 = -0.03830431091166359 +/- 14.91800165643977
k3 = -1.120407448654954 +/- 11.873503940545554
k4 = 0.0014836052954435217 +/- 8.414447124320848
k5 = -0.06277222720502791 +/- 14.960577576758268
k6 = -1.1042804948833798 +/- 11.821167308609617

Tangential Distortion
p1 = 0.0019254654986379138 /- 0.004784310284102248
p2 = -0.00743717674516665 /- 0.007273086540567362

Thin Prism Distortion:
s1 = 0.007554565232563489 +/- 0.0073178645617338976
s2 = -0.0004314781607227621 +/- 0.0016186319063442288
s3 = -0.001795687562990376 +/- 0.0048226199807102875
s4 = -0.0007230964711035325 +/- 0.0010959642546231165

