RMS reprojection error = 0.16316847478605212
sharpness = 3.9157510638237

Camera Matrix:
fx = 2668.4638537348073 +/- 1.0005805055697343
fy = 2667.842571819596 +/- 0.9397474958340444
cx = 1591.3881682109336 +/- 25.813699627697115
cy = 1258.975359831014 +/- 20.08980279665027

Radial Distortion:
k1 = 1.0677593167311197 +/- 17.184238670182435
k2 = 33.38167616222165 +/- 2.843281568651636
k3 = 7.406397320336965 +/- 3.2772993752382122
k4 = 1.0659825939207088 +/- 17.18558622134688
k5 = 33.401952806597436 +/- 2.8612988984808516
k6 = 7.110112154311122 +/- 3.507338609009715

Tangential Distortion
p1 = 0.005264668761702897 /- 0.003805222471058659
p2 = -0.008828632956064692 /- 0.004835485159187504

Thin Prism Distortion:
s1 = 0.008670400982455546 +/- 0.004849912044432447
s2 = -0.0004098525159389886 +/- 0.0010526475838973106
s3 = -0.005105560251699883 +/- 0.0038295871447644523
s4 = 0.000827160749510909 +/- 0.0008472099822300254

