RMS reprojection error = 0.2570903956060809
sharpness = 11.496091222763061

Camera Matrix:
fx = 2668.1600563858437 +/- 1.3026456692626944
fy = 2666.884616806632 +/- 1.5382104672144508
cx = 1665.4858376789457 +/- 47.54429724436414
cy = 1256.6555244803992 +/- 48.63688166724342

Radial Distortion:
k1 = -0.15708440268281876 +/- 21.41752618281085
k2 = -1.7765326231309158 +/- 97.10159491734184
k3 = -25.218837487479682 +/- 99.03691911512216
k4 = -0.15316290264052507 +/- 21.426062918604323
k5 = -1.8341926383484755 +/- 97.2025683170481
k6 = -25.074589324641103 +/- 99.23535995259708

Tangential Distortion
p1 = 0.005083335022228282 /- 0.009190524250927952
p2 = 0.004859798151219531 /- 0.008881134116133919

Thin Prism Distortion:
s1 = -0.0043438456795200754 +/- 0.008908821546739006
s2 = -0.0007030574629752494 +/- 0.0016746716905071768
s3 = -0.004857994091227405 +/- 0.009208064470110468
s4 = -0.00011046425655249578 +/- 0.0012991063558443902

