RMS reprojection error = 0.11962342491741512
sharpness = 1.6035628616809845

Camera Matrix:
fx = 2668.1767180257984 +/- 0.70500893903896
fy = 2667.991638348701 +/- 0.6856648239452426
cx = 1603.8400078025018 +/- 22.65238599897192
cy = 1241.0194165568064 +/- 15.725047200416414

Radial Distortion:
k1 = 0.004846377591773057 +/- 8.106275791569265
k2 = 8.089353263791779 +/- 2.2379690093791123
k3 = -5.062841314287731 +/- 2.4160964838267978
k4 = 0.00635715432515847 +/- 8.108188447622114
k5 = 8.065410121173922 +/- 2.252508216383999
k6 = -5.0865924676206795 +/- 2.508612936259313

Tangential Distortion
p1 = 0.0019655079494109062 /- 0.0029758140995169904
p2 = -0.006551296280296538 /- 0.0042393027597567535

Thin Prism Distortion:
s1 = 0.006596937287713384 +/- 0.004267010806456683
s2 = -0.0006142478059076968 +/- 0.0009234949957309904
s3 = -0.0018126785829138815 +/- 0.003000847667626771
s4 = -0.0003865979230277163 +/- 0.0006426885923174431

