RMS reprojection error = 0.3250146227191615
sharpness = 15.021018934249877

Camera Matrix:
fx = 2668.1079139797994 +/- 1.2857663226038338
fy = 2668.5734286329875 +/- 1.8236775423723142
cx = 1622.1930242435233 +/- 50.02413111002191
cy = 1205.0228405650128 +/- 59.36824207971856

Radial Distortion:
k1 = 0.0003642711904642322 +/- 200.36454821373812
k2 = -0.04861722554725077 +/- 49.157819595559594
k3 = -1.320519229030769 +/- 129.5864976806571
k4 = 0.002265656538413107 +/- 200.37257130924658
k5 = -0.07418437083013024 +/- 48.97231401185821
k6 = -1.3064209058722962 +/- 125.6711176571669

Tangential Distortion
p1 = -0.004915861988658342 /- 0.011170455658371527
p2 = -0.0028016356377160686 /- 0.009358620817905493

Thin Prism Distortion:
s1 = 0.002535739366091709 +/- 0.009499793322153933
s2 = 0.0013554453445103359 +/- 0.0022911555408160647
s3 = 0.0053929075520381935 +/- 0.011276818380419747
s4 = 0.0005449042615014229 +/- 0.0018940049357277335

