RMS reprojection error = 0.23785660834640915
sharpness = 10.360397672653198

Camera Matrix:
fx = 2668.5209168111874 +/- 1.1496551795088876
fy = 2669.2634014557334 +/- 1.4631721738786467
cx = 1672.1362342971622 +/- 31.62264030025827
cy = 1191.5735341510585 +/- 38.29295609452495

Radial Distortion:
k1 = 5.220687945570994 +/- 43.399786240691775
k2 = 11.949935348717093 +/- 21.293656735957374
k3 = -31.608153248992533 +/- 17.14447913771412
k4 = 5.225112225110238 +/- 43.410687501923576
k5 = 11.899084431114586 +/- 21.361622775324445
k6 = -31.63802661116352 +/- 16.987292850953757

Tangential Distortion
p1 = -0.007281326997083384 /- 0.007178500543459533
p2 = 0.006314710250003124 /- 0.00589613705942206

Thin Prism Distortion:
s1 = -0.006404234264353926 +/- 0.005976791314486808
s2 = 0.0010816857998775322 +/- 0.001468177173150138
s3 = 0.007283377805731553 +/- 0.007223163921709348
s4 = -0.00034169881257470217 +/- 0.0011763181536244035

