RMS reprojection error = 0.2403082791263272
sharpness = 11.041997361183167

Camera Matrix:
fx = 2667.524371764533 +/- 1.2251793502596582
fy = 2667.7860426208863 +/- 1.4748024563718363
cx = 1623.5478911581604 +/- 39.061639750550064
cy = 1249.1575767895822 +/- 37.87375296692279

Radial Distortion:
k1 = 9.114775797251502 +/- 197.83794091801184
k2 = 48.24017383421053 +/- 68.98743969035458
k3 = -52.30542335365454 +/- 32.51814494295674
k4 = 9.110798795653752 +/- 197.80537762363258
k5 = 48.29050735026167 +/- 69.31116073212743
k6 = -52.838069556951474 +/- 34.01949552246844

Tangential Distortion
p1 = 0.003946023641608926 /- 0.007153997375418197
p2 = -0.003284327971582474 /- 0.007286226233198275

Thin Prism Distortion:
s1 = 0.003252609118598935 +/- 0.007342537248908588
s2 = 0.0013471582582391902 +/- 0.0018810018813867734
s3 = -0.0036471779654164795 +/- 0.007217577575636731
s4 = -0.0007325356677113502 +/- 0.0013997151789056602

