RMS reprojection error = 0.2421973804195353
sharpness = 11.143413066864014

Camera Matrix:
fx = 2666.539642647599 +/- 0.8781783880196756
fy = 2667.0756812543477 +/- 1.3159998046782742
cx = 1641.1994057821032 +/- 31.88038955714179
cy = 1206.4859879721732 +/- 45.26513074833202

Radial Distortion:
k1 = 6.623772709320873 +/- 25.069656561041914
k2 = 116.79658284073375 +/- 0.6569266694987392
k3 = 240.16784269692772 +/- 1.5861966392888553
k4 = 6.604618737420595 +/- 25.06050745168671
k5 = 117.0561566582863 +/- 0.6184696934452719
k6 = 238.2728336516291 +/- 2.1708814981264104

Tangential Distortion
p1 = -0.004525190052142322 /- 0.008544817943018783
p2 = 0.000482268705174206 /- 0.0059671100518077355

Thin Prism Distortion:
s1 = -0.0006875173090197906 +/- 0.00605064232352029
s2 = 0.0015225882638657737 +/- 0.0015238136783074854
s3 = 0.004607707224395191 +/- 0.008605300611297316
s4 = 0.0003575681934482727 +/- 0.0013094141613878558

