RMS reprojection error = 0.26589106203774815
sharpness = 11.798512935638428

Camera Matrix:
fx = 2667.868559983346 +/- 1.21326920179395
fy = 2668.342613800998 +/- 1.9438463112786684
cx = 1645.1431422233873 +/- 22.805771330001217
cy = 1173.6694123311936 +/- 44.27014880316276

Radial Distortion:
k1 = -2.8973785802823824 +/- 5.7844777381786106
k2 = -10.874807808341778 +/- 30.295474258492714
k3 = 99.23893025348254 +/- 11.202996183185459
k4 = -2.8996377432948766 +/- 5.787401375850621
k5 = -10.849634330264822 +/- 30.34358630027751
k6 = 99.0965852215227 +/- 11.000549825856845

Tangential Distortion
p1 = -0.010775718527721375 /- 0.008300276040903668
p2 = 0.001216695825998061 /- 0.004272564317674147

Thin Prism Distortion:
s1 = -0.001079964536207293 +/- 0.00438197033220506
s2 = 0.0005748615563794103 +/- 0.0013957705881139752
s3 = 0.0109645795176481 +/- 0.008349895406508696
s4 = -0.0003418161284270893 +/- 0.0013115409513495524

