RMS reprojection error = 0.5987323409765275
sharpness = 15.610101318359375

Camera Matrix:
fx = 2668.287191058086 +/- 3.3130430687419605
fy = 2668.8996671744885 +/- 3.4458521689937154
cx = 1585.5635126691782 +/- 64.20772755929572
cy = 1252.1841863593238 +/- 40.82797040867568

Radial Distortion:
k1 = -1.7687446925565067 +/- 39.307952315815605
k2 = 11.083333088057945 +/- 202.8572923928218
k3 = -73.24794505932398 +/- 250.60022690938735
k4 = -1.7621132217399846 +/- 39.32928594991989
k5 = 10.99979075701668 +/- 203.07813132628945
k6 = -73.02685426409433 +/- 250.9459312231524

Tangential Distortion
p1 = 0.0036922722578776814 /- 0.007756748466939972
p2 = -0.010161397052890679 /- 0.01202094682270933

Thin Prism Distortion:
s1 = 0.010539006771263543 +/- 0.01215171238572211
s2 = -0.0031466885125975624 +/- 0.0036063019953429124
s3 = -0.004009671821454814 +/- 0.007914824751161448
s4 = 0.0017280425642069487 +/- 0.003068842320586369

