RMS reprojection error = 0.2163162716844277
sharpness = 8.847094988822937

Camera Matrix:
fx = 2668.1550842293636 +/- 1.0165849905418183
fy = 2667.9295670034994 +/- 1.4912866672745015
cx = 1649.32886771522 +/- 25.795497426065083
cy = 1276.639576231316 +/- 38.76194037474762

Radial Distortion:
k1 = 0.03399801471117432 +/- 9.59213018647773
k2 = 0.31098024760607546 +/- 51.61806388028794
k3 = -0.15050897628942494 +/- 16.99470042535746
k4 = 0.03853951264399509 +/- 9.598632545220624
k5 = 0.2570922298721952 +/- 51.69673666146403
k6 = -0.05879103035433214 +/- 16.701835018519642

Tangential Distortion
p1 = 0.008810943981625765 /- 0.007320002699613337
p2 = 0.001758117537614375 /- 0.004806315201982515

Thin Prism Distortion:
s1 = -0.0015552426472170277 +/- 0.004812049367275094
s2 = -0.0004877987016645632 +/- 0.001236180726252042
s3 = -0.008676993761590267 +/- 0.007339779090621892
s4 = 0.00010506139504375676 +/- 0.0010854904302685282

