RMS reprojection error = 0.6420635579617102
sharpness = 15.598548738580002

Camera Matrix:
fx = 2669.392255727741 +/- 6.019882993156391
fy = 2669.5381051627805 +/- 4.976664384021597
cx = 1547.6041245634644 +/- 80.70496723072314
cy = 1240.970138315167 +/- 46.93844158345164

Radial Distortion:
k1 = -0.017397968991248382 +/- 48.26741131241805
k2 = 0.14692567782987329 +/- 5.878227468053408
k3 = 4.362498181125519 +/- 5.587000530590864
k4 = -0.018974158350568978 +/- 48.27789707853317
k5 = 0.12948708591056285 +/- 5.648213958775074
k6 = 4.385313470902998 +/- 5.650236952548605

Tangential Distortion
p1 = 0.0024799529172412522 /- 0.008913022327057167
p2 = -0.01734314332446873 /- 0.01534072123554755

Thin Prism Distortion:
s1 = 0.01732680195978941 +/- 0.015348058396198856
s2 = -0.002948704480514298 +/- 0.0032966763529776576
s3 = -0.003647855839623228 +/- 0.008962178407914044
s4 = 0.004324580586866729 +/- 0.003158516105334002

