RMS reprojection error = 1.2938742639902057
sharpness = 14.575550937652588

Camera Matrix:
fx = 2671.9518488419335 +/- 7.176170177031799
fy = 2679.297195147585 +/- 8.247407902601049
cx = 1522.5764354419143 +/- 62.72753515443141
cy = 1100.3820530142925 +/- 69.8590952032987

Radial Distortion:
k1 = 2.2549242785187444 +/- 74.16130606518901
k2 = 61.57170467917929 +/- 408.69792136084243
k3 = 146.11771828634068 +/- 10.87857264745129
k4 = 2.2725073038486525 +/- 74.24747579269507
k5 = 61.441087606191076 +/- 409.4551912047311
k6 = 145.83291976988085 +/- 7.729295582717238

Tangential Distortion
p1 = -0.02231595712581957 /- 0.01276815198973825
p2 = -0.024657534334683123 /- 0.011932155709558509

Thin Prism Distortion:
s1 = 0.024682600640092787 +/- 0.011973758233112966
s2 = 0.002120040297161987 +/- 0.005597421523723191
s3 = 0.02087073647130977 +/- 0.012893877976768343
s4 = -0.00025742026246857797 +/- 0.005405669659631506

