RMS reprojection error = 0.23188649329722555
sharpness = 9.980124354362488

Camera Matrix:
fx = 2668.233904412367 +/- 1.0196524596509577
fy = 2667.5606944154906 +/- 1.2114228552223696
cx = 1620.6193896092332 +/- 46.975936570621286
cy = 1223.6715652633668 +/- 41.16505869087979

Radial Distortion:
k1 = -0.0013410558648222644 +/- 11.897277553302699
k2 = 0.005951818350195756 +/- 117.23020262255666
k3 = -0.09713231146903802 +/- 9.853277306236627
k4 = 0.001812754375124578 +/- 11.895479640574159
k5 = -0.032935657282857876 +/- 117.38652884655713
k6 = -0.048621014353071576 +/- 8.812635462310313

Tangential Distortion
p1 = -0.0011448563761615768 /- 0.007770065259146871
p2 = -0.003340079529707671 /- 0.008789534445848084

Thin Prism Distortion:
s1 = 0.003165766165016944 +/- 0.008876347825080368
s2 = -0.00034619294794564163 +/- 0.0018223897927346821
s3 = 0.0012324216586122579 +/- 0.007830071155785158
s4 = -0.0008442983439226113 +/- 0.001303252544394944

