RMS reprojection error = 0.2143495246622071
sharpness = 9.854107427597047

Camera Matrix:
fx = 2667.966245953296 +/- 1.2379534272876476
fy = 2668.410362821216 +/- 1.2004055432383705
cx = 1593.078967657799 +/- 32.81690292802362
cy = 1263.1354390464182 +/- 24.674835651543983

Radial Distortion:
k1 = -3.540581891746137 +/- 4.7639385297725685
k2 = 6.46634728025831 +/- 11.799418084090766
k3 = -20.97575778234708 +/- 9.23116894347769
k4 = -3.5389259481171553 +/- 4.766803028608988
k5 = 6.433206882394629 +/- 11.836383478980654
k6 = -20.88184115775883 +/- 9.147495563405315

Tangential Distortion
p1 = 0.0060669426910912126 /- 0.004674181540610833
p2 = -0.0083089130072763 /- 0.006139357861319407

Thin Prism Distortion:
s1 = 0.008204233166517883 +/- 0.006154766166182881
s2 = -0.00011516074669481851 +/- 0.0014170460645075225
s3 = -0.0059614168196115026 +/- 0.004708220726035844
s4 = 0.0003396795486681315 +/- 0.0011254848185876993

