RMS reprojection error = 0.20116099504164753
sharpness = 7.895561480522156

Camera Matrix:
fx = 2668.066549465435 +/- 1.3224934266777382
fy = 2667.874859250639 +/- 1.2269802303855015
cx = 1598.8020371794414 +/- 39.49161668955764
cy = 1226.3930354040076 +/- 25.378316720445486

Radial Distortion:
k1 = 0.013442968192830008 +/- 10.460169735724525
k2 = -0.06263655916520608 +/- 1.4625790542602863
k3 = -2.6137416234857356 +/- 2.580439420405451
k4 = 0.01523999138827473 +/- 10.463472946883572
k5 = -0.09880853144614522 +/- 1.4939531886995874
k6 = -2.5633769617757336 +/- 2.672717365080824

Tangential Distortion
p1 = -0.000851211589951456 /- 0.004799979809146821
p2 = -0.007327960441393361 /- 0.0074106537222136575

Thin Prism Distortion:
s1 = 0.0074110908474177735 +/- 0.007451848441400877
s2 = -0.0010767414229601693 +/- 0.0014600975040832348
s3 = 0.000998601624673105 +/- 0.004833619808594602
s4 = -0.0002337147681664624 +/- 0.0010422180261535421

