RMS reprojection error = 0.36999154565678327
sharpness = 16.401354694366454

Camera Matrix:
fx = 2666.8159005499147 +/- 1.6307792581398162
fy = 2668.13117920288 +/- 2.2754778494952776
cx = 1656.6336902647745 +/- 51.006058972835795
cy = 1268.2838613269494 +/- 63.74792704063463

Radial Distortion:
k1 = 0.26409949068650557 +/- 23.335376751415893
k2 = 6.042873159646161 +/- 95.1403845387098
k3 = 34.68304013893042 +/- 40.29072400636025
k4 = 0.26234213694172714 +/- 23.32803431834474
k5 = 6.063764213088854 +/- 95.32707754545088
k6 = 34.50595399998497 +/- 39.09517703924543

Tangential Distortion
p1 = 0.007108649953743995 /- 0.012014058772860062
p2 = 0.003840726839353795 /- 0.00949161204318273

Thin Prism Distortion:
s1 = -0.004425034672095744 +/- 0.009561362436462852
s2 = 0.002292824045520453 +/- 0.0024640555000312336
s3 = -0.007053077890189117 +/- 0.012079133489056555
s4 = -0.0007044507647585326 +/- 0.0019355836233338722

