RMS reprojection error = 0.11729263495602238
sharpness = 1.4994056701660157

Camera Matrix:
fx = 2668.127166768384 +/- 0.6467366428656264
fy = 2668.076037571173 +/- 0.6503708504414886
cx = 1608.5620406509224 +/- 23.215876114169312
cy = 1236.1324875628507 +/- 16.628218792653215

Radial Distortion:
k1 = -0.04255795852975864 +/- 7.362184094485891
k2 = 4.819778954726995 +/- 2.3838370421075576
k3 = -4.1214893593093045 +/- 2.5046201699271284
k4 = -0.04077750556186448 +/- 7.364056882994513
k5 = 4.792135969642497 +/- 2.3978688124961307
k6 = -4.119599819297897 +/- 2.583388501453771

Tangential Distortion
p1 = 0.0010717492958355844 /- 0.0031444043719833924
p2 = -0.005601717496181914 /- 0.0043443970170378415

Thin Prism Distortion:
s1 = 0.0055995321647311115 +/- 0.0043766169854011164
s2 = -0.0004232475986522116 +/- 0.0009391876329617743
s3 = -0.0009590764096830345 +/- 0.0031705016205113437
s4 = -0.0003926605385911045 +/- 0.0006405227779323416

