RMS reprojection error = 0.714546080279395
sharpness = 16.141696977615357

Camera Matrix:
fx = 2673.193515302719 +/- 4.824244003144879
fy = 2667.3063613838763 +/- 4.618930009517944
cx = 1541.3962413365339 +/- 54.35270460653675
cy = 1265.035191013764 +/- 41.46295659533728

Radial Distortion:
k1 = 0.027374998442745522 +/- 33.310649266690426
k2 = 0.24689136612568283 +/- 116.13225820278555
k3 = 0.30047699932157157 +/- 47.866550306029126
k4 = 0.033382815545638704 +/- 33.33465776029989
k5 = 0.15941844642812206 +/- 116.41625340347777
k6 = 0.503155131589485 +/- 47.05632008469667

Tangential Distortion
p1 = 0.006899007690634477 /- 0.00790247834588876
p2 = -0.019312282178237734 /- 0.010237264825316953

Thin Prism Distortion:
s1 = 0.019272415515122206 +/- 0.0100966663179672
s2 = -0.0017657651429112164 +/- 0.0035489418188433177
s3 = -0.006709617123270353 +/- 0.007947697599851944
s4 = 0.0013869956046210438 +/- 0.003190370603704469

