RMS reprojection error = 0.29668141508009116
sharpness = 13.632556390762328

Camera Matrix:
fx = 2667.1713499134607 +/- 1.2992744101030835
fy = 2668.5593937200406 +/- 1.541355586256469
cx = 1618.2604345381908 +/- 54.05706508518391
cy = 1237.0918112600639 +/- 53.03663790094445

Radial Distortion:
k1 = 0.011801521078191332 +/- 10.174959934110717
k2 = 0.10685519699095022 +/- 94.68277366839625
k3 = -0.5232046448825156 +/- 22.802935031734588
k4 = 0.01651974542436252 +/- 10.183770655738966
k5 = 0.05471993022270169 +/- 94.82116723352614
k6 = -0.4424911501518536 +/- 22.141416308382023

Tangential Distortion
p1 = 0.001543989895857236 /- 0.010022041060578368
p2 = -0.0035548395728600183 /- 0.010108068536561819

Thin Prism Distortion:
s1 = 0.003439103967202636 +/- 0.010178876869133295
s2 = 0.000451060931361759 +/- 0.0021101952001208063
s3 = -0.00195534598460838 +/- 0.010103352581263212
s4 = 0.0009597764791625837 +/- 0.0016634257725210285

