RMS reprojection error = 0.19737229910002546
sharpness = 6.721938109397888

Camera Matrix:
fx = 2667.849083325131 +/- 0.8688662501795112
fy = 2668.1344604313786 +/- 1.2257454648562551
cx = 1626.725459996203 +/- 27.70382970524667
cy = 1268.337631290597 +/- 35.24082182935415

Radial Distortion:
k1 = 0.11400751088149089 +/- 9.303910945203501
k2 = -2.182951533886291 +/- 159.2407089666249
k3 = -5.430142400755475 +/- 58.290218175304105
k4 = 0.11733653378011306 +/- 9.304247697582579
k5 = -2.2284389568777225 +/- 159.40082306518306
k6 = -5.347645813266924 +/- 59.40713817697327

Tangential Distortion
p1 = 0.007179648496192648 /- 0.006655860663408527
p2 = -0.0024781957006021894 /- 0.005173816068190768

Thin Prism Distortion:
s1 = 0.0025880120117110755 +/- 0.005186691639848582
s2 = -0.0010576236764889258 +/- 0.0012373118885821226
s3 = -0.00699698375282845 +/- 0.006691252604935462
s4 = 0.000843398550347936 +/- 0.0011022251438077605

