RMS reprojection error = 0.3569948630338268
sharpness = 14.753702306747437

Camera Matrix:
fx = 2667.7078831946446 +/- 1.3988808760967015
fy = 2668.2166843492187 +/- 1.9650073179787806
cx = 1637.8786606123663 +/- 58.217392457110876
cy = 1256.2165867833476 +/- 64.99736380357056

Radial Distortion:
k1 = 0.005355561453810856 +/- 29.703466547756094
k2 = -0.006899053667804594 +/- 218.933893537153
k3 = -1.1932603881733321 +/- 21.028441345518782
k4 = 0.009051598210679213 +/- 29.696929854614233
k5 = -0.048639534158364375 +/- 219.25191335442486
k6 = -1.142300725775084 +/- 23.29462841769601

Tangential Distortion
p1 = 0.004372955712953698 /- 0.012269659961692995
p2 = -0.0003015099440598488 /- 0.010850927033468226

Thin Prism Distortion:
s1 = 0.0008770168468884162 +/- 0.010931516215966162
s2 = -0.0008878768254553672 +/- 0.0026584376056151045
s3 = -0.004050138670955824 +/- 0.012370272511393296
s4 = 0.0003213449103484727 +/- 0.002091437005771504

