RMS reprojection error = 0.24896775206079363
sharpness = 11.572677254676819

Camera Matrix:
fx = 2667.7006456331105 +/- 1.243818274136505
fy = 2667.5539664056614 +/- 1.3564153811536888
cx = 1614.9909021035269 +/- 50.72500893375071
cy = 1240.1744184754843 +/- 42.05422705406342

Radial Distortion:
k1 = -0.009819482825091614 +/- 10.32533734029934
k2 = 0.016134078637368727 +/- 123.69525461800674
k3 = 0.9718463111392506 +/- 17.68738613840191
k4 = -0.00680332199656213 +/- 10.325631080378153
k5 = -0.022749263454504138 +/- 123.85444973608277
k6 = 1.021185675203685 +/- 16.645684529589737

Tangential Distortion
p1 = 0.001936538572931215 /- 0.007950339573000741
p2 = -0.004370233401088187 /- 0.009486367956058213

Thin Prism Distortion:
s1 = 0.004228870983102201 +/- 0.009542040192551096
s2 = 3.337944779515032e-05 +/- 0.0019002860561920284
s3 = -0.0016608508666315252 +/- 0.00800866168572211
s4 = -0.0005254590765032264 +/- 0.0013807466602437735

