RMS reprojection error = 0.3084124104659111
sharpness = 14.241992425918578

Camera Matrix:
fx = 2669.78506695464 +/- 1.366572529038585
fy = 2669.34684283284 +/- 1.6407713929891925
cx = 1620.5809649729706 +/- 63.59177052764431
cy = 1223.3745196115742 +/- 58.367492897144885

Radial Distortion:
k1 = 0.024295781533907133 +/- 13.293630693616354
k2 = 0.1675973480792148 +/- 113.29377382545898
k3 = -1.2791451488078862 +/- 29.215359998514813
k4 = 0.026554792225417692 +/- 13.302733931776267
k5 = 0.12546436987065046 +/- 113.44387877789406
k6 = -1.2118871387904133 +/- 28.410707422348093

Tangential Distortion
p1 = -0.0017095888667749675 /- 0.011036648159154288
p2 = -0.0033023117769757936 /- 0.011942597794086155

Thin Prism Distortion:
s1 = 0.0030613761949534308 +/- 0.012002847609454394
s2 = -0.0011706575395581801 +/- 0.0020993260119473865
s3 = 0.0015567959636206092 +/- 0.011083054952765195
s4 = 0.001343841728705716 +/- 0.0016769930582581397

