RMS reprojection error = 0.15853350751197373
sharpness = 3.8755197286605836

Camera Matrix:
fx = 2668.5457568102897 +/- 0.8046113073471101
fy = 2668.2932095147507 +/- 0.8897369451910573
cx = 1608.2914276012473 +/- 25.529493141003908
cy = 1251.5470461097993 +/- 22.27006787849634

Radial Distortion:
k1 = 0.5173806163826279 +/- 16.43097897816214
k2 = 22.5941336020475 +/- 133.46917715229952
k3 = 9.035387311545913 +/- 6.334490874737892
k4 = 0.5186967494891798 +/- 16.426636437919157
k5 = 22.593770711794292 +/- 133.65368761488673
k6 = 8.851605019195453 +/- 5.05962057950153

Tangential Distortion
p1 = 0.003929592433702998 /- 0.004210790572661985
p2 = -0.005679333735949585 /- 0.004766849690673182

Thin Prism Distortion:
s1 = 0.0056495861204780805 +/- 0.004802576567682841
s2 = -0.0006032591156525075 +/- 0.001140586508038833
s3 = -0.003818209807508609 +/- 0.0042512574675993295
s4 = 0.000723210229724209 +/- 0.0008752622155130734

