RMS reprojection error = 0.3418959545030962
sharpness = 16.56600691142835

Camera Matrix:
fx = 2668.1903109314217 +/- 1.7150055176157695
fy = 2669.280892397382 +/- 2.3420692059847896
cx = 1619.4878787950424 +/- 38.46017926647721
cy = 1285.9670454206814 +/- 56.584000572381356

Radial Distortion:
k1 = 3.589630013217123 +/- 40.83112846576498
k2 = 67.11242995580584 +/- 4.141240728467284
k3 = 49.30688267008637 +/- 5.515954792854296
k4 = 3.582880962173439 +/- 40.828242987823295
k5 = 67.20249735031253 +/- 4.151064627078359
k6 = 48.52197343874561 +/- 6.2034263043985085

Tangential Distortion
p1 = 0.010279369501601398 /- 0.010705950486271522
p2 = -0.003650868322799276 /- 0.007253797206508233

Thin Prism Distortion:
s1 = 0.003490215006036555 +/- 0.007314470491771443
s2 = 0.0016276539063558896 +/- 0.002154194985754044
s3 = -0.010188030152999478 +/- 0.010754968504408472
s4 = 0.0020704741995451244 +/- 0.001925750346787425

