RMS reprojection error = 0.344956128373067
sharpness = 5.300674545764923

Camera Matrix:
fx = 2669.0622634609144 +/- 1.724744442170872
fy = 2665.91157202194 +/- 2.8094914813180347
cx = 1643.593433547776 +/- 24.391858981424217
cy = 1157.4885451833118 +/- 49.91011983909707

Radial Distortion:
k1 = -0.052137466140253295 +/- 11.66121585981174
k2 = -0.06856027058926283 +/- 43.10309776409991
k3 = 1.2390149967087871 +/- 18.12873700377586
k4 = -0.04605332851967288 +/- 11.669761628844979
k5 = -0.12654161276804213 +/- 43.18037926984607
k6 = 1.3372522919886614 +/- 17.92513170173506

Tangential Distortion
p1 = -0.014124864788737555 /- 0.009325219016852234
p2 = 0.0016684368904016636 /- 0.004530569994357576

Thin Prism Distortion:
s1 = -0.0020509329220412737 +/- 0.004643236827441959
s2 = -0.0019110398438680245 +/- 0.0016472519737885754
s3 = 0.014523338546068482 +/- 0.009401923077302135
s4 = -0.0017576423914115445 +/- 0.001641069222672898

