RMS reprojection error = 0.11800028603498046
sharpness = 1.5814952075481414

Camera Matrix:
fx = 2667.997936771346 +/- 0.6387786208027042
fy = 2667.930698525726 +/- 0.6487494749879329
cx = 1610.4148955363196 +/- 24.183675624708286
cy = 1236.6608593991575 +/- 17.758454127848296

Radial Distortion:
k1 = -2.2453571638116805 +/- 6.055431413268019
k2 = 1.9562587486232477 +/- 5.483300223794631
k3 = -13.015238557667784 +/- 4.748073231568516
k4 = -2.2430857478451194 +/- 6.056808192810889
k5 = 1.9177483721379365 +/- 5.498426239525705
k6 = -12.920095910856366 +/- 4.666178095428218

Tangential Distortion
p1 = 0.0011334150918344353 /- 0.003359422038676777
p2 = -0.005299949128402137 /- 0.004526957465209556

Thin Prism Distortion:
s1 = 0.0053573409292034324 +/- 0.004556694197169467
s2 = -0.000496582103266452 +/- 0.0009311539030698486
s3 = -0.0010329078854531201 +/- 0.0033838701337278523
s4 = -0.0003680114700465952 +/- 0.0006472164257437769

