RMS reprojection error = 0.17338005228374542
sharpness = 4.8707362651824955

Camera Matrix:
fx = 2667.442733108831 +/- 0.8061056886487439
fy = 2667.8184702119534 +/- 0.9226120648995103
cx = 1618.4781785647756 +/- 35.25502054975856
cy = 1239.3429755579791 +/- 30.891862608928307

Radial Distortion:
k1 = 0.4824171865155625 +/- 7.010621665356205
k2 = 1.357427414026768 +/- 74.16496405048076
k3 = 27.256482993060267 +/- 20.73288598302284
k4 = 0.4836035539540625 +/- 7.012046533591908
k5 = 1.3411157374920217 +/- 74.26453024250698
k6 = 27.20220610433797 +/- 20.095842671763876

Tangential Distortion
p1 = 0.0018405563366635448 /- 0.005841168405395971
p2 = -0.0036979838867221004 /- 0.0065985372659535775

Thin Prism Distortion:
s1 = 0.00356001482077095 +/- 0.006638505236139018
s2 = -0.00039729506724254306 +/- 0.0013259160854103098
s3 = -0.0017912222561218046 +/- 0.005879065991945896
s4 = 0.00014905541039497217 +/- 0.0009659909153548837

