RMS reprojection error = 0.13217374337623355
sharpness = 1.9113235473632812

Camera Matrix:
fx = 2667.9087164506145 +/- 0.6393532344483376
fy = 2668.382525756648 +/- 0.7071333433502547
cx = 1615.7006232369765 +/- 26.044563242500363
cy = 1243.4907091724567 +/- 21.77780798179286

Radial Distortion:
k1 = -0.4130899492554119 +/- 5.0189559786866305
k2 = -3.7423345085472146 +/- 33.405909449706236
k3 = 15.612898652354446 +/- 14.113173427309487
k4 = -0.41222708609959713 +/- 5.018415573783914
k5 = -3.764412138868542 +/- 33.461544516605365
k6 = 15.625347596645152 +/- 13.73702098419465

Tangential Distortion
p1 = 0.0022695930886360792 /- 0.00411883311278358
p2 = -0.0044224958610410954 /- 0.004873378240707016

Thin Prism Distortion:
s1 = 0.004430303427306672 +/- 0.004903369401830678
s2 = -0.00021094723267069986 +/- 0.0010524839220372268
s3 = -0.002102778253581565 +/- 0.004145893851992986
s4 = -0.0002373247706627171 +/- 0.0007376658654094634

