RMS reprojection error = 0.2920938852073571
sharpness = 13.495854234695434

Camera Matrix:
fx = 2669.0141895207653 +/- 1.9342056684125357
fy = 2668.155288885176 +/- 1.8737750893475722
cx = 1596.361634471458 +/- 49.8591421549757
cy = 1241.5173388202686 +/- 33.979238864068485

Radial Distortion:
k1 = 0.002095243669578465 +/- 17.92394809977186
k2 = 0.6778034172664765 +/- 119.68683480048212
k3 = 4.106741289309081 +/- 33.690264684153625
k4 = 0.004893862842216248 +/- 17.9335030451424
k5 = 0.6375208538245113 +/- 119.82535953030897
k6 = 4.168964638229245 +/- 33.060010249451665

Tangential Distortion
p1 = 0.0023411721483478703 /- 0.006436468110320058
p2 = -0.008565428056128088 /- 0.009365028445448103

Thin Prism Distortion:
s1 = 0.00925566391866938 +/- 0.009380125335567079
s2 = -0.002796650589254611 +/- 0.0016220313172715716
s3 = -0.002946590627526132 +/- 0.006472033201589232
s4 = 0.0015606830007029488 +/- 0.0014455178797182133

