RMS reprojection error = 0.22216532702072428
sharpness = 9.175353240966796

Camera Matrix:
fx = 2666.90484978999 +/- 0.7943401098592868
fy = 2666.5164365380524 +/- 1.0807685006341639
cx = 1632.6616238924373 +/- 45.838545783533185
cy = 1238.3299396728517 +/- 48.46852819768974

Radial Distortion:
k1 = -0.42620215270919604 +/- 16.804129135723766
k2 = 64.80875761317122 +/- 0.7094493560689197
k3 = 33.0923712878746 +/- 1.5265769571747205
k4 = -0.42852918211826213 +/- 16.80574652076971
k5 = 64.86715389547173 +/- 0.7103966223869224
k6 = 32.57676712944857 +/- 1.7771309918688518

Tangential Distortion
p1 = 0.0013298566266460713 /- 0.009157435483229143
p2 = -0.001367329599292312 /- 0.008567548360031789

Thin Prism Distortion:
s1 = 0.0013502317642353902 +/- 0.008623293705185487
s2 = 0.00033561280301735156 +/- 0.0016805966395664542
s3 = -0.0011439988564841826 +/- 0.009219988156874779
s4 = -0.00017849486068938705 +/- 0.0012917506952217894

