RMS reprojection error = 0.21751615505727312
sharpness = 8.815105295181274

Camera Matrix:
fx = 2668.5715581451004 +/- 0.9762763009863116
fy = 2668.022059465957 +/- 1.2204243289765433
cx = 1613.0366753159738 +/- 36.07711808639322
cy = 1263.327653048559 +/- 39.40756350188789

Radial Distortion:
k1 = -1.462813586985129 +/- 4.249330614196718
k2 = -2.654645457722566 +/- 11.037536483094334
k3 = -13.554115088808192 +/- 10.442423324275538
k4 = -1.4605536579253597 +/- 4.2527366409438585
k5 = -2.69937950293543 +/- 11.079162662724341
k6 = -13.427946074464485 +/- 10.3417356359633

Tangential Distortion
p1 = 0.006218053245554516 /- 0.007457875354153972
p2 = -0.0043769003524365075 /- 0.006751070132100964

Thin Prism Distortion:
s1 = 0.003922672261424579 +/- 0.006750121957803526
s2 = 0.0005042606407887242 +/- 0.001397887257588543
s3 = -0.006026846718747932 +/- 0.007485405953897523
s4 = -8.697981465668809e-05 +/- 0.0012132642692657628

