RMS reprojection error = 0.7382475954888239
sharpness = 11.503846192359925

Camera Matrix:
fx = 2667.5404566243005 +/- 3.125465741184768
fy = 2666.4096199139167 +/- 4.178459722191712
cx = 1618.2385394242406 +/- 117.31107554632896
cy = 1265.4673345395167 +/- 117.78494570598237

Radial Distortion:
k1 = 0.02302260908614279 +/- 116.82730851922518
k2 = 0.3084101806377567 +/- 180.30845363397543
k3 = 3.9269531598748086 +/- 119.97067962274137
k4 = 0.01794606561871657 +/- 116.80495999869434
k5 = 0.3317735134372301 +/- 180.45672237067836
k6 = 3.8391896397563388 +/- 120.1370536232658

Tangential Distortion
p1 = 0.00648167250945859 /- 0.022266232255446456
p2 = -0.003151815980354969 /- 0.022034598232312463

Thin Prism Distortion:
s1 = 0.002205730014115546 +/- 0.022037274345309478
s2 = -0.0014182501301960814 +/- 0.0044586767179701755
s3 = -0.0062728493709744764 +/- 0.022267582320187874
s4 = 0.00040801508492633443 +/- 0.003812399122575638

