RMS reprojection error = 0.15308813969011556
sharpness = 3.1085102558135986

Camera Matrix:
fx = 2668.005274903141 +/- 0.9232091912332435
fy = 2668.321127164475 +/- 0.9017518479861383
cx = 1601.6214284435846 +/- 27.49748366959055
cy = 1226.459185963135 +/- 19.193066892401568

Radial Distortion:
k1 = -0.20371627477063714 +/- 4.679628248393821
k2 = -4.7584685601596135 +/- 36.066376695461194
k3 = 23.634184251523084 +/- 15.124752547272811
k4 = -0.2027618247281956 +/- 4.680145515782097
k5 = -4.778307414439469 +/- 36.12950681926103
k6 = 23.629079693786142 +/- 14.743281221098119

Tangential Distortion
p1 = -0.0007381478486555833 /- 0.0036267095640885147
p2 = -0.006988886394098168 /- 0.005150517631253408

Thin Prism Distortion:
s1 = 0.007048398473134199 +/- 0.005196817835748539
s2 = -0.0011267557381155673 +/- 0.0011581706757490284
s3 = 0.0009093660438775163 +/- 0.0036582598864693346
s4 = -0.0006321839014145959 +/- 0.0008050946311320325

