RMS reprojection error = 0.521641842482566
sharpness = 13.796253776550293

Camera Matrix:
fx = 2666.5710168986284 +/- 2.5321920875368082
fy = 2667.0012695535197 +/- 2.856115612731459
cx = 1671.585205726064 +/- 72.54931076133843
cy = 1211.8452822290728 +/- 69.94088043100682

Radial Distortion:
k1 = -1.7138040070270115 +/- 8.677381653518893
k2 = -7.087464860674857 +/- 27.956552794981068
k3 = 23.26553084378161 +/- 15.837241660996073
k4 = -1.7120532243921467 +/- 8.683922010296333
k5 = -7.116932815666964 +/- 28.0337821812552
k6 = 23.321765888510882 +/- 15.628922411598488

Tangential Distortion
p1 = -0.0037550975879490477 /- 0.013163730963002968
p2 = 0.006734344004952618 /- 0.01353668357717296

Thin Prism Distortion:
s1 = -0.007087117958312238 +/- 0.01374315131143615
s2 = 0.0007281230208334273 +/- 0.0036528154185113742
s3 = 0.0033292772918533022 +/- 0.013237274128334467
s4 = 0.0011918985859622375 +/- 0.002393328952866113

