RMS reprojection error = 0.8890094990795036
sharpness = 15.35699429512024

Camera Matrix:
fx = 2668.276973144537 +/- 4.836162572073647
fy = 2670.628709124426 +/- 5.21529366676498
cx = 1580.1778429740202 +/- 76.98706695387578
cy = 1278.2894255436313 +/- 70.5455213778232

Radial Distortion:
k1 = 0.04978610844528617 +/- 39.255569112541366
k2 = 0.695467402488119 +/- 156.4811129782836
k3 = 2.770393697830051 +/- 57.676681418563504
k4 = 0.05678668696501951 +/- 39.2863266633968
k5 = 0.6038511899156266 +/- 156.8318172616784
k6 = 2.9655589113725265 +/- 56.61526551452069

Tangential Distortion
p1 = 0.007212168038148765 /- 0.01341479123106098
p2 = -0.01224096780101604 /- 0.014534900318298547

Thin Prism Distortion:
s1 = 0.012842589773018914 +/- 0.0144835907627225
s2 = -0.004793620278987845 +/- 0.004340006546615785
s3 = -0.006855875939783445 +/- 0.013469716605137662
s4 = 0.0007367315495777968 +/- 0.004165625997225273

