RMS reprojection error = 0.281748429414874
sharpness = 12.896353387832642

Camera Matrix:
fx = 2668.370238565429 +/- 1.489316539161637
fy = 2668.5141447838114 +/- 1.6091325384954365
cx = 1685.4014979655028 +/- 35.07704010627358
cy = 1197.7514324987635 +/- 36.89337854339656

Radial Distortion:
k1 = -0.3515618581560486 +/- 6.421283854137536
k2 = -3.8649345073794743 +/- 27.357462897841106
k3 = 19.655865940276442 +/- 14.900298811103623
k4 = -0.35201660959000214 +/- 6.420133219861311
k5 = -3.8722105575760564 +/- 27.431789722586004
k6 = 19.61816794920489 +/- 14.484033698266686

Tangential Distortion
p1 = -0.006153264746784316 /- 0.00691114644271128
p2 = 0.008766435451238138 /- 0.006528207554192832

Thin Prism Distortion:
s1 = -0.008798442629232723 +/- 0.006631128081937923
s2 = 0.0009519635003360762 +/- 0.001846225847597834
s3 = 0.006334267463346822 +/- 0.006963492726733429
s4 = -0.0016301464209228192 +/- 0.0013328709753563405

