RMS reprojection error = 0.14083178986388573
sharpness = 2.4190176129341125

Camera Matrix:
fx = 2668.2388798998613 +/- 1.0567274934151227
fy = 2668.0506866455 +/- 0.9196953091268953
cx = 1587.7549120448455 +/- 25.370339392705404
cy = 1242.1022738088689 +/- 14.864122219422212

Radial Distortion:
k1 = -0.04492886952519348 +/- 9.919172944493958
k2 = 2.0821322564937685 +/- 2.8243152335120665
k3 = -4.00912679471056 +/- 3.2362584063254154
k4 = -0.043449218883819495 +/- 9.921665800587402
k5 = 2.051202431757465 +/- 2.848352301443364
k6 = -3.9798993809237264 +/- 3.327785592550971

Tangential Distortion
p1 = 0.0019315504807408135 /- 0.002815911447773136
p2 = -0.009397092037514529 /- 0.004755768867787776

Thin Prism Distortion:
s1 = 0.009295648425782425 +/- 0.00477750211873622
s2 = -0.0011549624964033909 +/- 0.000978019469945708
s3 = -0.0016748274393870836 +/- 0.0028394400216291862
s4 = -0.00019530044419720992 +/- 0.0007136817788310056

