RMS reprojection error = 0.1391431405953715
sharpness = 2.1467914938926698

Camera Matrix:
fx = 2667.574650120239 +/- 0.7456442244095703
fy = 2667.653812135868 +/- 0.76399448425333
cx = 1611.89009812667 +/- 29.445944567232974
cy = 1234.2174742526552 +/- 22.18105810064183

Radial Distortion:
k1 = -0.18400812895606178 +/- 14.411519057325773
k2 = -5.9613463505277124 +/- 37.36531213849792
k3 = 9.371927330688324 +/- 14.644546946255174
k4 = -0.1828485204098416 +/- 14.409837608349584
k5 = -5.988747815400652 +/- 37.42522689193375
k6 = 9.415091777253407 +/- 14.079188186700495

Tangential Distortion
p1 = 0.0007074760275907984 /- 0.004193484187999217
p2 = -0.004920495281035648 /- 0.0055133025369967165

Thin Prism Distortion:
s1 = 0.004806307031405322 +/- 0.005550478310259291
s2 = 0.00014007795092816331 +/- 0.0011399646111342934
s3 = -0.0004905390075832766 +/- 0.004222154766177485
s4 = -0.00036890569602888307 +/- 0.000767916985774371

