RMS reprojection error = 0.31322697774773167
sharpness = 14.908367013931274

Camera Matrix:
fx = 2669.033526401402 +/- 1.4738006396912213
fy = 2669.5087456942806 +/- 1.9399951287604398
cx = 1687.8037685472136 +/- 32.85553729321982
cy = 1169.8668092735884 +/- 41.67121736977059

Radial Distortion:
k1 = -0.03382597382132852 +/- 7.817875806053122
k2 = 0.17818977875737899 +/- 65.21944144719447
k3 = 4.3019569608307044 +/- 21.82623539973242
k4 = -0.032862848931258834 +/- 7.8241414165570395
k5 = 0.1467510778210626 +/- 65.32767125207766
k6 = 4.329830436425884 +/- 21.231722411780318

Tangential Distortion
p1 = -0.011670943853090778 /- 0.007778398522704666
p2 = 0.008910419465434215 /- 0.00611809336772291

Thin Prism Distortion:
s1 = -0.009025467451941563 +/- 0.006199440730214997
s2 = 0.0025023716130524133 +/- 0.0017611685574062588
s3 = 0.0121150266228492 +/- 0.007806850543055575
s4 = -0.0006126175076300724 +/- 0.0014021141074962039

