RMS reprojection error = 0.24315543463877826
sharpness = 11.058927202224732

Camera Matrix:
fx = 2667.891821193812 +/- 1.161036275448506
fy = 2668.0811250557126 +/- 1.334977503294742
cx = 1609.8445005493393 +/- 40.767102530910094
cy = 1257.3742697806454 +/- 39.32588180893718

Radial Distortion:
k1 = -1.2266314617577359 +/- 13.454446149359951
k2 = 35.163898924213626 +/- 0.304413456554398
k3 = 5.308171630311116 +/- 1.1320235307537883
k4 = -1.2253539524171255 +/- 13.458883110921802
k5 = 35.15725617650563 +/- 0.2836826451051511
k6 = 5.124934737362953 +/- 1.2598966174008603

Tangential Distortion
p1 = 0.005019171304963895 /- 0.007448210929481733
p2 = -0.005165647024975028 /- 0.007635002208114938

Thin Prism Distortion:
s1 = 0.004863172828541549 +/- 0.007639259681824405
s2 = -0.00013673924114984036 +/- 0.0015126291598721688
s3 = -0.005004618576225555 +/- 0.0074867700026774574
s4 = -0.00017658448426439153 +/- 0.001305399088426622

