RMS reprojection error = 0.2257520936158198
sharpness = 9.638696265220641

Camera Matrix:
fx = 2667.9276270805476 +/- 1.4255504963799916
fy = 2668.870205884528 +/- 1.3607396602126978
cx = 1595.0499662725272 +/- 37.571383485119185
cy = 1248.562472833058 +/- 25.451360355766862

Radial Distortion:
k1 = 3.3225067923431255 +/- 187.74186288049577
k2 = -3.3587543123472554 +/- 60.858287398822554
k3 = -1.2046054547914309 +/- 23.712073515166423
k4 = 3.3231956882343967 +/- 187.75221934143931
k5 = -3.387489008257858 +/- 60.99576901633009
k6 = -1.221519932460403 +/- 21.451385609935674

Tangential Distortion
p1 = 0.0030896154065885545 /- 0.00482138033889019
p2 = -0.008207572716042099 /- 0.007042811715053813

Thin Prism Distortion:
s1 = 0.008255761092681257 +/- 0.007085227543401942
s2 = -0.0011330717497102934 +/- 0.001653708599145002
s3 = -0.003058886302583021 +/- 0.004859497801709899
s4 = 0.0010897107114641454 +/- 0.0011891170351965299

