RMS reprojection error = 0.13452739298972657
sharpness = 2.0032215654850005

Camera Matrix:
fx = 2668.2791923119394 +/- 0.8589305614415225
fy = 2668.1245918518357 +/- 0.8172981755726836
cx = 1597.3292549795028 +/- 23.47369279876602
cy = 1235.1871119261662 +/- 16.452065851144155

Radial Distortion:
k1 = -3.9979198860531313 +/- 7.364268194721989
k2 = 8.492007441203965 +/- 39.68208179622028
k3 = -24.50429260412608 +/- 47.41983185006927
k4 = -3.9953638250023045 +/- 7.367165361313556
k5 = 8.451468301130875 +/- 39.71933066419557
k6 = -24.392303455311968 +/- 47.51158360008541

Tangential Distortion
p1 = 0.0008723004250272115 /- 0.003113648742300741
p2 = -0.007730648956522422 /- 0.0043937998145473145

Thin Prism Distortion:
s1 = 0.00774456845758098 +/- 0.00442228582257977
s2 = -0.0005990604095475747 +/- 0.0009510072509750829
s3 = -0.0006605680937973284 +/- 0.0031401430509067447
s4 = -0.0007484291224508003 +/- 0.0007068236762858672

