RMS reprojection error = 0.19955790053581157
sharpness = 7.191384983062744

Camera Matrix:
fx = 2668.5624038644773 +/- 0.8682763661510949
fy = 2668.2358229347305 +/- 1.0768379803074912
cx = 1614.2161046559277 +/- 31.755235154615526
cy = 1262.0860838433894 +/- 32.9031625849577

Radial Distortion:
k1 = -3.5622188632902563 +/- 2.2864070910217125
k2 = 1.4093914659541207 +/- 5.97132403606911
k3 = -2.8898509641183323 +/- 4.9044418075607545
k4 = -3.561653840510306 +/- 2.288312871078287
k5 = 1.3878516067189595 +/- 5.994441627361913
k6 = -2.823217095009046 +/- 4.849780508939432

Tangential Distortion
p1 = 0.0059112994092773334 /- 0.006221717994536318
p2 = -0.004580514385028904 /- 0.005932194358950629

Thin Prism Distortion:
s1 = 0.004423417259895027 +/- 0.005959239560798996
s2 = 7.269078057103497e-05 +/- 0.0014327453944500065
s3 = -0.005798574303189189 +/- 0.006256135336456971
s4 = 0.00024191135582041267 +/- 0.0011293022572926832

