RMS reprojection error = 0.11852472001636333
sharpness = 1.52376247048378

Camera Matrix:
fx = 2668.10005207256 +/- 0.6290733715348101
fy = 2668.0742393877285 +/- 0.6460411252533228
cx = 1610.3028585917832 +/- 23.4847306939236
cy = 1236.289612124844 +/- 17.289109239170696

Radial Distortion:
k1 = -0.006570285446240573 +/- 7.179333662539517
k2 = 5.12107070491175 +/- 2.00833005774786
k3 = -3.9283565101386158 +/- 2.2177586065258823
k4 = -0.00466890689137307 +/- 7.18122587383862
k5 = 5.0928187319168545 +/- 2.021967164899977
k6 = -3.927857853527202 +/- 2.2969393763736017

Tangential Distortion
p1 = 0.0011214994131373487 /- 0.0032693387095424757
p2 = -0.005258187473996529 /- 0.004394104392699334

Thin Prism Distortion:
s1 = 0.005242068835847947 +/- 0.004426974253442653
s2 = -0.0003664781690954334 +/- 0.0009522317249268797
s3 = -0.0010084362899100056 +/- 0.0032962926442131105
s4 = -0.00041264213274689763 +/- 0.0006521371040099817

