RMS reprojection error = 0.19169515342026688
sharpness = 7.097534108161926

Camera Matrix:
fx = 2668.842698742339 +/- 1.2227558471069435
fy = 2668.7529348595617 +/- 1.1523464628168176
cx = 1584.7543678229347 +/- 26.931325754514333
cy = 1260.3852364394822 +/- 20.002612168753668

Radial Distortion:
k1 = 0.7895093498103786 +/- 13.893732516548292
k2 = 49.74663807193318 +/- 0.08649212775525973
k3 = 71.68525829380845 +/- 0.9834737405104554
k4 = 0.7879659715315823 +/- 13.896535368365551
k5 = 49.7891850207212 +/- 0.09103889362278077
k6 = 71.17226665156787 +/- 1.1563051961670656

Tangential Distortion
p1 = 0.0055253632346009786 /- 0.003793661701295223
p2 = -0.010377022809322733 /- 0.0050478481403607

Thin Prism Distortion:
s1 = 0.010478921552812864 +/- 0.005052967788007647
s2 = -0.0017413342463276104 +/- 0.0010788070182279892
s3 = -0.00559176646733802 +/- 0.0038221056432652676
s4 = 0.0005349093863077667 +/- 0.0009612103218717

