RMS reprojection error = 0.1177179403777885
sharpness = 1.5645489692687988

Camera Matrix:
fx = 2668.090800116975 +/- 0.6510141991615108
fy = 2668.0511291862717 +/- 0.65525632943129
cx = 1608.2127037276903 +/- 23.160190827380095
cy = 1239.5175018354937 +/- 16.65453853364994

Radial Distortion:
k1 = 0.08098357759966301 +/- 7.591727507363282
k2 = 6.976281454146119 +/- 1.8700965134972256
k3 = -3.7287675745937894 +/- 2.1325431190380186
k4 = 0.08265944357705081 +/- 7.593598577667714
k5 = 6.951103795625036 +/- 1.883732896588117
k6 = -3.7456826099632803 +/- 2.2180229484276133

Tangential Distortion
p1 = 0.0017003861449475545 /- 0.003150321544570505
p2 = -0.005709476717215725 /- 0.004334018247076233

Thin Prism Distortion:
s1 = 0.005752154226380995 +/- 0.004363194063480795
s2 = -0.0005932895598590604 +/- 0.000924707750055373
s3 = -0.001587528275161186 +/- 0.00317575591976212
s4 = -0.000375560881950691 +/- 0.0006405407472128012

