RMS reprojection error = 0.2669129272692818
sharpness = 12.370781564712525

Camera Matrix:
fx = 2668.960776464969 +/- 1.435583340684229
fy = 2669.6773089022954 +/- 1.491874789840113
cx = 1591.5450122752827 +/- 35.75046815191787
cy = 1263.0595053312402 +/- 30.576870958966385

Radial Distortion:
k1 = 0.780192768595517 +/- 13.308115612965379
k2 = 12.467130633308049 +/- 0.15915516725767903
k3 = -23.056914818799644 +/- 1.3488267073896822
k4 = 0.7857130686696113 +/- 13.315217982648544
k5 = 12.405184163432624 +/- 0.12586698208109906
k6 = -22.99143962375267 +/- 1.4471613982998575

Tangential Distortion
p1 = 0.006153721449303386 /- 0.005791686960166478
p2 = -0.00848771883413173 /- 0.006698788251796417

Thin Prism Distortion:
s1 = 0.008451506190501055 +/- 0.006717763127575402
s2 = -0.0020996033939610493 +/- 0.0015205077422326871
s3 = -0.006314633934807797 +/- 0.005834138389893706
s4 = 0.0015608906179306501 +/- 0.0013692654558535634

