RMS reprojection error = 0.5007836515791783
sharpness = 15.531996536254884

Camera Matrix:
fx = 2667.0966243330636 +/- 2.1228545550422404
fy = 2667.2617606429476 +/- 2.777858571184425
cx = 1618.5485977840524 +/- 84.8366070410968
cy = 1202.019647930262 +/- 92.10377637279944

Radial Distortion:
k1 = -0.01405070132591248 +/- 15.940130355183419
k2 = -0.018612035998338092 +/- 167.76991243900792
k3 = 0.8700622421944391 +/- 39.75700887883136
k4 = -0.010675457197614827 +/- 15.952458480444163
k5 = -0.060714985538230785 +/- 168.00173001829148
k6 = 0.9288605685652315 +/- 38.52881241953253

Tangential Distortion
p1 = -0.004932016722981645 /- 0.017347144569670476
p2 = -0.0039694887329773006 /- 0.015913394014472962

Thin Prism Distortion:
s1 = 0.003926911217830202 +/- 0.016083612085532956
s2 = -0.00017958509744403373 +/- 0.003270867609844996
s3 = 0.005818737259314679 +/- 0.01746535109846768
s4 = -0.0011418017577808186 +/- 0.0027159082663916327

