RMS reprojection error = 1.1127720052632706
sharpness = 17.072596800954717

Camera Matrix:
fx = 2668.743387912746 +/- 6.31850943154378
fy = 2669.6539084670394 +/- 6.501902642366637
cx = 1541.1010750799337 +/- 67.96250837566556
cy = 1308.4663447767416 +/- 67.63568979205243

Radial Distortion:
k1 = 4.880874706057737 +/- 93.81635708369747
k2 = 15.967809962915169 +/- 191.86321898609464
k3 = -10.359842662736266 +/- 103.93387722873179
k4 = 4.858763624921808 +/- 93.73885111296663
k5 = 16.10929266407102 +/- 191.92042996891354
k6 = -10.979749778935389 +/- 103.84612842777277

Tangential Distortion
p1 = 0.01420003503825219 /- 0.012822873144030526
p2 = -0.016515639024569248 /- 0.012985540436747819

Thin Prism Distortion:
s1 = 0.01504187406417037 +/- 0.013431381555193835
s2 = -0.001208183524096208 +/- 0.006406521127952747
s3 = -0.014688850813700279 +/- 0.012961274780108903
s4 = 0.008075648976777275 +/- 0.005561452879534638

