RMS reprojection error = 0.21144400669548374
sharpness = 8.034272170066833

Camera Matrix:
fx = 2667.712918251245 +/- 1.084665196736645
fy = 2667.690235763175 +/- 1.1339698733866692
cx = 1613.346175336421 +/- 44.458011696762064
cy = 1232.4020813659558 +/- 36.18440172793067

Radial Distortion:
k1 = -1.1055363314813667 +/- 5.21857418941982
k2 = -1.9252402628123213 +/- 11.001538732148745
k3 = -16.75491951650549 +/- 9.749630331175954
k4 = -1.102012759879375 +/- 5.222191996091993
k5 = -1.9786933583951822 +/- 11.043450489703408
k6 = -16.618067004605933 +/- 9.664809316428366

Tangential Distortion
p1 = 0.00041014261169534813 /- 0.006844223889104314
p2 = -0.00466373780553166 /- 0.008326340412531061

Thin Prism Distortion:
s1 = 0.004617403687270413 +/- 0.008373354346754108
s2 = 0.00041504499057274757 +/- 0.0016058801187897678
s3 = -0.0003650024569898781 +/- 0.006888847850730256
s4 = -0.00031309522550539165 +/- 0.0011765967888387203

