RMS reprojection error = 0.28033618696578894
sharpness = 13.922942495346069

Camera Matrix:
fx = 2668.5995190784356 +/- 1.249742383263194
fy = 2669.9392578566344 +/- 1.8298883312782486
cx = 1642.048821578883 +/- 42.15354904418057
cy = 1265.1793386210024 +/- 60.46847008121798

Radial Distortion:
k1 = -0.11230894483280045 +/- 13.19451364362954
k2 = -0.30968355775096834 +/- 82.26327454277147
k3 = 5.3702030077360305 +/- 26.714252547050368
k4 = -0.10998865394062987 +/- 13.202750537510976
k5 = -0.35139376233292946 +/- 82.38525553489359
k6 = 5.433129848830891 +/- 26.166826117150702

Tangential Distortion
p1 = 0.006247639128116047 /- 0.01143498146633113
p2 = 0.0005719299350197323 /- 0.007882219709483022

Thin Prism Distortion:
s1 = -0.00071949897177907 +/- 0.007871425314794378
s2 = 0.00030365383702827994 +/- 0.0016785983093354354
s3 = -0.005847112719887719 +/- 0.011446632849357381
s4 = -2.827694414883075e-05 +/- 0.001464099881291222

