RMS reprojection error = 0.8653025678767392
sharpness = 15.894476127624511

Camera Matrix:
fx = 2663.824178231949 +/- 3.9323903470249055
fy = 2673.461747739682 +/- 4.80087316351069
cx = 1612.904173345041 +/- 100.2561158673712
cy = 1190.1583605447463 +/- 92.21349427789579

Radial Distortion:
k1 = -0.028180445219317216 +/- 28.23408235044445
k2 = -0.005967244500234531 +/- 130.81637486787145
k3 = 0.5165770595927065 +/- 47.98165037759458
k4 = -0.021757894434180875 +/- 28.258618569201637
k5 = -0.07793666826359237 +/- 131.09007237995678
k6 = 0.6423886676018953 +/- 47.071530001503056

Tangential Distortion
p1 = -0.0053899185414650955 /- 0.017356425449892573
p2 = -0.00709865715286898 /- 0.018888830819249375

Thin Prism Distortion:
s1 = 0.0076127445764985705 +/- 0.01915871574740496
s2 = -0.005059020401804516 +/- 0.004929741070349103
s3 = 0.004668261242142792 +/- 0.017520289034520065
s4 = -0.00013228186396683296 +/- 0.004345425471140901

