RMS reprojection error = 0.2780728916146336
sharpness = 13.584915351867675

Camera Matrix:
fx = 2668.0035231670927 +/- 1.1461916163490249
fy = 2669.005271316257 +/- 1.832044778776554
cx = 1638.810124763678 +/- 36.89152622549119
cy = 1196.9113872438454 +/- 59.29823057966945

Radial Distortion:
k1 = -2.078721237019551 +/- 18.327052179670158
k2 = 82.93994042111093 +/- 0.26070660116292754
k3 = 52.92947451113132 +/- 1.3364091736027521
k4 = -2.082070335502823 +/- 18.329656830660646
k5 = 83.0134731302177 +/- 0.24839356275078173
k6 = 52.232924155801165 +/- 1.581654258528196

Tangential Distortion
p1 = -0.006555652336522176 /- 0.01117085510131678
p2 = 0.00024599132483565743 /- 0.006921357337137025

Thin Prism Distortion:
s1 = -0.0005997460457792856 +/- 0.007011999956872548
s2 = 3.0351021375660947e-05 +/- 0.001601112902009656
s3 = 0.006669917535998763 +/- 0.011225585588462709
s4 = -0.0002765593559087019 +/- 0.001504075788931134

