RMS reprojection error = 0.600484021635718
sharpness = 16.480349397659303

Camera Matrix:
fx = 2667.0895906573965 +/- 3.2545061896434615
fy = 2667.1860525226707 +/- 3.3642495008538114
cx = 1599.810095635848 +/- 99.85905252881494
cy = 1267.6744613888272 +/- 87.46275936886528

Radial Distortion:
k1 = -0.0004828451107723699 +/- 50.49962378242975
k2 = -0.004668022198435561 +/- 30.12301827003755
k3 = 0.27581957872988033 +/- 30.14961783225407
k4 = -0.0004897396122210921 +/- 50.50912553389944
k5 = -0.025408754402428145 +/- 30.26577447916127
k6 = 0.2907359175420034 +/- 30.41506570488511

Tangential Distortion
p1 = 0.006109788285277241 /- 0.01655859532528963
p2 = -0.00758837544585671 /- 0.01873214785233393

Thin Prism Distortion:
s1 = 0.00794331865334533 +/- 0.018746210971538554
s2 = -0.0009355269336862419 +/- 0.003804133903011824
s3 = -0.005125552724456473 +/- 0.016614475638630548
s4 = -0.00018307595116677028 +/- 0.0031567467519824106

