RMS reprojection error = 0.1647617344232051
sharpness = 4.423351573944092

Camera Matrix:
fx = 2667.6650730490283 +/- 0.7121864270458743
fy = 2667.9158568632115 +/- 0.861014412645259
cx = 1658.7608482600133 +/- 29.04164945010282
cy = 1218.1327498788369 +/- 29.907614194147413

Radial Distortion:
k1 = 0.009932544099085398 +/- 7.797705131382825
k2 = 4.947584472146398 +/- 4.787765081963899
k3 = -3.7264995022739393 +/- 4.534921139601303
k4 = 0.01137466199308477 +/- 7.799965034412096
k5 = 4.925255204117327 +/- 4.806482491795606
k6 = -3.742593054045947 +/- 4.594892716107694

Tangential Distortion
p1 = -0.0022590507267605587 /- 0.0056309658059584215
p2 = 0.0038556384095139416 /- 0.005420386002635852

Thin Prism Distortion:
s1 = -0.0038361203507020257 +/- 0.00548668054423997
s2 = 0.0009861033740731666 +/- 0.001258909346746043
s3 = 0.0023204561211195595 +/- 0.00567119996284961
s4 = -0.0005763147798689371 +/- 0.0008903360210529265

