RMS reprojection error = 0.12074973580595405
sharpness = 1.6746642112731933

Camera Matrix:
fx = 2668.268087044378 +/- 0.7345190839446993
fy = 2668.0839143315297 +/- 0.70133166332389
cx = 1603.4231891156492 +/- 23.44898742757344
cy = 1236.9926475376205 +/- 15.959579866544644

Radial Distortion:
k1 = -1.5286815659230957 +/- 5.9288622030167755
k2 = -1.4460437262630972 +/- 5.401477965698529
k3 = -10.207249241594893 +/- 4.55659860527576
k4 = -1.5260130134820744 +/- 5.9306257875939465
k5 = -1.4895065674719274 +/- 5.421669318232094
k6 = -10.099394896717929 +/- 4.521158483931953

Tangential Distortion
p1 = 0.0012526951453096767 /- 0.003020152746829968
p2 = -0.006616144005899087 /- 0.004389207956276876

Thin Prism Distortion:
s1 = 0.006611009743873903 +/- 0.004418352881196735
s2 = -0.0005814085321185637 +/- 0.0009292571742158881
s3 = -0.0011518829189592298 +/- 0.0030447210603334295
s4 = -0.00024158826178894083 +/- 0.0006478515953686652

