RMS reprojection error = 0.12474625853704599
sharpness = 1.8304568529129028

Camera Matrix:
fx = 2667.8154578578055 +/- 0.5836054551946637
fy = 2667.675933666004 +/- 0.6647023917882721
cx = 1618.5344223635655 +/- 26.111478647979244
cy = 1239.1564486337502 +/- 22.084750595219248

Radial Distortion:
k1 = 0.36312968752548264 +/- 4.6251549650250725
k2 = -2.5043557584473017 +/- 45.518161872911406
k3 = 18.135016007425 +/- 14.651502808212124
k4 = 0.3646322655371553 +/- 4.625834689910882
k5 = -2.5298920891409638 +/- 45.582443599620944
k6 = 18.13535274145953 +/- 14.233617713530611

Tangential Distortion
p1 = 0.0017376031804602439 /- 0.004176828600773042
p2 = -0.003771917846801453 /- 0.0048875284316400695

Thin Prism Distortion:
s1 = 0.0038183085046137313 +/- 0.004916100398528196
s2 = -0.0004627533778050716 +/- 0.0009799674908385681
s3 = -0.0015776415132911828 +/- 0.004202388073328608
s4 = -0.0005955069714696892 +/- 0.000695433861800658

