RMS reprojection error = 0.2567133661229487
sharpness = 11.345261907577514

Camera Matrix:
fx = 2668.875161718604 +/- 1.3162220895397687
fy = 2669.9922591029126 +/- 1.9906907486399754
cx = 1636.0906387285474 +/- 22.939638965204516
cy = 1297.0209650099985 +/- 41.818848269084356

Radial Distortion:
k1 = -1.4209115881594816 +/- 3.5408838692288627
k2 = -11.688219737089023 +/- 13.62622623554278
k3 = 24.634665006709206 +/- 10.386657541651124
k4 = -1.422623552187496 +/- 3.543564243006025
k5 = -11.693656910526142 +/- 13.664849684166676
k6 = 24.66120446322176 +/- 10.255726576855189

Tangential Distortion
p1 = 0.012555871728795815 /- 0.007883832061028908
p2 = -0.0005745518639634471 /- 0.004273516186327078

Thin Prism Distortion:
s1 = 0.00045572064011326877 +/- 0.0042622291143082575
s2 = 0.0002883301620778349 +/- 0.0013987053497303379
s3 = -0.012488360689450471 +/- 0.007878566426018845
s4 = 0.0017054923329889728 +/- 0.001331201483557217

