RMS reprojection error = 0.12333515159618771
sharpness = 1.6538639783859252

Camera Matrix:
fx = 2668.2809623327453 +/- 0.7716573558669129
fy = 2668.0212976564408 +/- 0.72887125341888
cx = 1599.7475264942987 +/- 22.69316521051349
cy = 1238.6316100435888 +/- 15.133138210895394

Radial Distortion:
k1 = 2.8678129717621363 +/- 12.511376084641267
k2 = 19.563979249202433 +/- 3.2268571933860435
k3 = 5.469570782002691 +/- 3.1502238164922223
k4 = 2.867970497834592 +/- 12.51317420782227
k5 = 19.565559665501095 +/- 3.238218482860121
k6 = 5.254782091058733 +/- 3.324037021950497

Tangential Distortion
p1 = 0.0015543565138959362 /- 0.00286351738059267
p2 = -0.007243468811146943 /- 0.004246697249325863

Thin Prism Distortion:
s1 = 0.007193991752215918 +/- 0.004277025431839008
s2 = -0.0006394364961023451 +/- 0.0009420081170868257
s3 = -0.0014015229296906557 +/- 0.002889610039237622
s4 = -0.000396421790613268 +/- 0.0006533910454456594

