RMS reprojection error = 0.14563973279286868
sharpness = 2.7168280720710754

Camera Matrix:
fx = 2667.8460759114714 +/- 0.8593520764571972
fy = 2667.8747567117734 +/- 0.834272285773136
cx = 1605.2866496185482 +/- 29.04512363893309
cy = 1238.337487280947 +/- 20.053721182974837

Radial Distortion:
k1 = 0.028186470472539096 +/- 7.734695161238724
k2 = -0.025467399812258328 +/- 1.4073985837178835
k3 = -1.622279729389571 +/- 1.9854206232638851
k4 = 0.030452192973574543 +/- 7.737056472114877
k5 = -0.06094206685125818 +/- 1.4255179550120751
k6 = -1.5781325700484665 +/- 2.06102718643888

Tangential Distortion
p1 = 0.0015516052583050746 /- 0.003794065510991586
p2 = -0.006202411474939394 /- 0.005438545917314631

Thin Prism Distortion:
s1 = 0.006215656402096465 +/- 0.005471366715775464
s2 = -0.0007302453410623483 +/- 0.0011116254736877954
s3 = -0.0014065049364438273 +/- 0.0038235554481659446
s4 = -0.00021175765190511003 +/- 0.0007794019256978626

