RMS reprojection error = 0.12641674137813066
sharpness = 1.8031769514083862

Camera Matrix:
fx = 2667.88820722276 +/- 0.6743683430091806
fy = 2667.876156680752 +/- 0.711965398269401
cx = 1610.0737371951427 +/- 24.021593641382445
cy = 1240.92053706367 +/- 19.19483665934595

Radial Distortion:
k1 = -0.3686847347034386 +/- 4.598441724839812
k2 = 4.013122708918297 +/- 51.3952609254956
k3 = 23.197203235391456 +/- 13.846923304883878
k4 = -0.3675283211349019 +/- 4.600645183318226
k5 = 3.9954384360116166 +/- 51.46429985731577
k6 = 23.15094481369299 +/- 13.42024815899337

Tangential Distortion
p1 = 0.002034164648652017 /- 0.003633352940543562
p2 = -0.0054019490575439415 /- 0.004499124852184305

Thin Prism Distortion:
s1 = 0.005511407770781484 +/- 0.004522723681429849
s2 = -0.0007997565147195458 +/- 0.0009136646801846641
s3 = -0.001981554783734185 +/- 0.0036577927346078238
s4 = -1.4278012877122665e-05 +/- 0.0006805296631617422

