RMS reprojection error = 0.34784190447847063
sharpness = 15.993048429489136

Camera Matrix:
fx = 2667.231574848767 +/- 1.7956214091786467
fy = 2666.9493904384353 +/- 2.8220390735981
cx = 1640.5804436427868 +/- 30.320292099450675
cy = 1164.0872456159645 +/- 59.430046657987155

Radial Distortion:
k1 = -0.0001031282358429586 +/- 230.2928438984713
k2 = -0.09652849194601389 +/- 121.03112757716947
k3 = -1.0969452236075092 +/- 102.76630443774721
k4 = 0.0007964049112194554 +/- 230.3005903424874
k5 = -0.11395420636494093 +/- 120.97954316491007
k6 = -1.0917020352829954 +/- 99.75295670148509

Tangential Distortion
p1 = -0.012465662669230507 /- 0.011082971905820022
p2 = -0.00010848495271691358 /- 0.005686357379257429

Thin Prism Distortion:
s1 = 0.0003323365639836659 +/- 0.005832489020116392
s2 = 0.00010836936005678757 +/- 0.001777014506904548
s3 = 0.012683641549455085 +/- 0.011143704052304216
s4 = -0.0018439594942518786 +/- 0.0017340216099657293

