RMS reprojection error = 0.17633450968620684

Camera Matrix:
fx = 2640.6473482132897 +/- 1.215953014245733
fy = 2627.614868342684 +/- 1.2089296221635955
cx = 1613.7585544643953 +/- 2.2100253985645733
cy = 1230.9582287342175 +/- 2.6031186485476785

Radial Distortion:
k1 = 0.06290928264550866 +/- 0.0037187878150066185
k2 = 43.59111181571908 +/- 2.447400297360992
k3 = -1.1829869845752556 +/- 0.06872115512793193
k4 = 0.0 +/- 0.0
k5 = 42.410748662305295 +/- 2.3937282011938272
k6 = 0.0 +/- 0.0

Tangential Distortion
p1 = 0.002041904216583218 /- 0.0006383329973610179
p2 = 0.002240121293539791 /- 0.0005378158659605494

Thin Prism Distortion:
s1 = -0.0025138652348865483 +/- 0.00039410435342240223
s2 = -0.0008620515417826636 +/- 0.0011088797031753213
s3 = -0.001986019918033763 +/- 0.0004888097477766277
s4 = 0.0003108782022371937 +/- 0.0008790747281794179

