RMS reprojection error = 0.177960942602061

Camera Matrix:
fx = 2640.8936856738223 +/- 1.2242839297920427
fy = 2627.807412249688 +/- 1.2177270202432953
cx = 1604.848061077748 +/- 0.45419158314782654
cy = 1222.6822970832197 +/- 0.46649229060221525

Radial Distortion:
k1 = 0.059355687050909045 +/- 0.0037885458621957874
k2 = 45.794801796350995 +/- 2.538288931845531
k3 = -1.2580811682593296 +/- 0.07053306223727816
k4 = 0.0 +/- 0.0
k5 = 44.5566817803706 +/- 2.483461226024689
k6 = 0.0 +/- 0.0

Tangential Distortion
p1 = 0.0 /- 0.0
p2 = 0.0 /- 0.0

Thin Prism Distortion:
s1 = -0.0010897976644961573 +/- 0.00017414310567548616
s2 = 0.002797659616741129 +/- 0.0008484168998294437
s3 = -0.0006082841424251046 +/- 0.00017366820806256485
s4 = 0.00258410848451933 +/- 0.0007312292365080806
