RMS reprojection error = 0.06522329884088388

Camera Matrix:
fx = 2652.1856357390257 +/- 15.243000364988095
fy = 2637.069223084552 +/- 15.812930786539116
cx = 1589.7377109210022 +/- 27.989802103294224
cy = 1231.1738355333573 +/- 14.93679012356262

Radial Distortion:
k1 = 0.06076017336145152 +/- 0.020307201627950074
k2 = 52.33691980997326 +/- 23.64722259971315
k3 = -1.4301492333257797 +/- 1.1721202605395835
k4 = 0.0 +/- 0.0
k5 = 50.95879415705412 +/- 23.286712583710425
k6 = 0.0 +/- 0.0

Tangential Distortion
p1 = 0.0 /- 0.0
p2 = 0.0 /- 0.0

Thin Prism Distortion:
s1 = -0.0005700251026000785 +/- 0.003033413017653582
s2 = -0.0066121649279341 +/- 0.006031100457924322
s3 = 0.001743880819421149 +/- 0.0032683340526388415
s4 = 0.0007665120529830418 +/- 0.006983343670153621

Tilted Perspective Distortion:
Tx = 0.0022953636648625044 +/- 0.010787382204475537
Ty = 0.006858181804211311 +/- 0.01432839265964005
