RMS reprojection error = 0.28866524644096475

Camera Matrix:
fx = 2637.0712823115364 +/- 1.025410323796928
fy = 2624.6569084235343 +/- 1.0180775800164392
cx = 1603.5576836182724 +/- 0.3102630931029169
cy = 1220.5317990532992 +/- 0.30676739286011084

Radial Distortion:
k1 = 0.07108928808874439 +/- 0.0026522508341819623
k2 = 36.604986031838635 +/- 0.9242667277750742
k3 = -1.3171348556129456 +/- 0.03606667150831928
k4 = 0.0 +/- 0.0
k5 = 35.55359604789449 +/- 0.891654202031824
k6 = 0.0 +/- 0.0

Tangential Distortion
p1 = 0.0 /- 0.0
p2 = 0.0 /- 0.0

Thin Prism Distortion:
s1 = -0.0005724661762635478 +/- 9.962299067192785e-05
s2 = 0.001928216600995987 +/- 0.00028944559606022396
s3 = -0.0008685444057733875 +/- 0.00011157071626436716
s4 = 0.00271031443237693 +/- 0.0002727485401545036
