RMS reprojection error = 0.324411900873729

Camera Matrix:
fx = 2637.985699648917 +/- 1.8590388854032587
fy = 2625.49297450469 +/- 1.8471672730393782
cx = 1619.2830700648574 +/- 2.7049857891416793
cy = 1229.6959604737065 +/- 2.7307480228946623

Radial Distortion:
k1 = 3.040385605139034 +/- 5.1462208017581865
k2 = 44.30794556950035 +/- 7.498362391451974
k3 = -16.99730324687166 +/- 77.61078622587156
k4 = 2.9926553898411568 +/- 5.1607915758662255
k5 = 42.49884103390419 +/- 7.960473469068812
k6 = -14.162212054178292 +/- 77.77926479372928

Tangential Distortion
p1 = 0.0017411637911572855 /- 0.0006453874137069301
p2 = 0.0036665740452514785 /- 0.000638190921631652

Thin Prism Distortion:
s1 = -0.003193024693088454 +/- 0.0004624487987501941
s2 = -0.003204973489792356 +/- 0.0013482766757503411
s3 = -0.002245391854678341 +/- 0.0005166761897842433
s4 = 0.0014034644219210178 +/- 0.0010331189754853676

