RMS reprojection error = 0.18044998233605714

Camera Matrix:
fx = 2632.247804209996 +/- 1.2708978502474155
fy = 2619.360982589572 +/- 1.267631737727152
cx = 1603.8696348743952 +/- 0.5022423294217988
cy = 1221.696873100078 +/- 0.5001033216476581

Radial Distortion:
k1 = 0.07095959780001254 +/- 0.005871168681474577
k2 = 36.76750619650097 +/- 2.4745711266635917
k3 = -1.3470311110482385 +/- 0.07871406275475473
k4 = 0.0 +/- 0.0
k5 = 35.7103941470286 +/- 2.398217796145336
k6 = 0.0 +/- 0.0

Tangential Distortion
p1 = 0.0 /- 0.0
p2 = 0.0 /- 0.0

Thin Prism Distortion:
s1 = -0.0007477167450170584 +/- 0.00024979444405725794
s2 = 0.0023599334125658142 +/- 0.0008127564679781905
s3 = -0.0007413444125889212 +/- 0.0002618516438615093
s4 = 0.0020448446884547902 +/- 0.0007926019554061348
