RMS reprojection error = 0.4975227143919146

Camera Matrix:
fx = 2636.8109476880086 +/- 0.9563205436466702
fy = 2623.82803889757 +/- 0.9504440589848147
cx = 1606.6994854441543 +/- 0.3498876563936205
cy = 1219.1215471752814 +/- 0.3453952570274993

Radial Distortion:
k1 = 0.08155827762955392 +/- 0.0028252261205790902
k2 = 33.03965131762907 +/- 1.2965668498151988
k3 = -1.075029926276164 +/- 0.037449242011151414
k4 = 0.0 +/- 0.0
k5 = 32.09537116979452 +/- 1.2587844381182145
k6 = 0.0 +/- 0.0

Tangential Distortion
p1 = 0.0 /- 0.0
p2 = 0.0 /- 0.0

Thin Prism Distortion:
s1 = -0.0009974844516531984 +/- 0.00015376429951885598
s2 = 0.0038099145782425174 +/- 0.0005823417119597441
s3 = -0.0004996033220455201 +/- 0.0001532553814628813
s4 = 0.003347417204656193 +/- 0.0005258558489621896
