RMS reprojection error = 0.33374351529337953

Camera Matrix:
fx = 2439.7805645195253 +/- 1.0969595971212631
fy = 2437.2500845680897 +/- 1.138596509897303
cx = 1616.9765614338985 +/- 4.10159486725349
cy = 863.5298445542667 +/- 6.319612946070537

Radial Distortion:
k1 = -3.580662479808694 +/- 0.2801926052298926
k2 = 6.023683022634858 +/- 1.2978882382688122
k3 = -5.0548735281640695 +/- 1.4944850101907243
k4 = -3.5999843427868314 +/- 0.2786715183695528
k5 = 6.083431708032503 +/- 1.291467364984928
k6 = -5.099767762603165 +/- 1.4874783006680012

Tangential Distortion
p1 = -0.000650032345430838 +/- 0.0012898132925330402
p2 = 0.0007139006072667899 +/- 0.0008334972109510273

Thin Prism Distortion:
s1 = -0.00099969906145761 +/- 0.0007167167715179
s2 = 0.0012190248476607072 +/- 0.0005581921050377076
s3 = 0.0014785581960206223 +/- 0.0011985424015506741
s4 = -0.0012368497624026457 +/- 0.0004735286736368986

