RMS reprojection error = 0.28657433355688616

Camera Matrix:
fx = 2621.131086692471 +/- 1.1483143104227693
fy = 2621.5699384033665 +/- 1.3202376214811382
cx = 1649.5632820375833 +/- 1.475341951349521
cy = 895.5509501565587 +/- 1.9258462521763076

Radial Distortion:
k1 = 18.217416894969755 +/- 1.2230855289323925
k2 = 15.659079687853549 +/- 5.222533430089955
k3 = 234.6794993361984 +/- 0.16835040764127618
k4 = 18.172495953991366 +/- 1.2334475214696379
k5 = 12.136317196277874 +/- 4.905899749499844
k6 = 236.90535712711875 +/- 0.49198953673671086

Tangential Distortion
p1 = -0.0030711147721204685 +/- 0.00038927617012638426
p2 = 0.0001348947217091179 +/- 0.0002750434328556241

Thin Prism Distortion:
s1 = 0.0006440181854741561 +/- 0.00023745443176624063
s2 = -0.0018247297870357824 +/- 0.000577628851469915
s3 = 0.0046766370659266894 +/- 0.0003790395201874275
s4 = -0.001271007879686423 +/- 0.0005500888412133509

